1	0.000000010000000
2	0.000000020000000
3	0.000000030000000
4	0.000000040000000
5	0.000000050000000
6	0.000000060000000
7	0.000000070000000
8	0.000000080000000
9	0.000000090000000
10	0.000000100000000
11	0.000000110000000
12	0.000000120000000
13	0.000000130000000
14	0.000000140000000
15	0.000000150000000
16	0.000000160000000
17	0.000000170000000
18	0.000000180000000
19	0.000000190000000
20	0.000000200000000
21	0.000000210000000
22	0.000000220000000
23	0.000000230000000
24	0.000000240000000
25	0.000000250000000
26	0.000000260000000
27	0.000000270000000
28	0.000000280000000
29	0.000000290000000
30	0.000000300000000
31	0.000000310000000
32	0.000000320000000
33	0.000000330000000
34	0.000000340000000
35	0.000000350000000
36	0.000000360000000
37	0.000000370000000
38	0.000000380000000
39	0.000000390000000
40	0.000000400000000
41	0.000000410000000
42	0.000000420000000
43	0.000000430000000
44	0.000000440000000
45	0.000000450000000
46	0.000000460000000
47	0.000000470000000
48	0.000000480000000
49	0.000000490000000
50	0.000000500000000
51	0.000000510000000
52	0.000000520000000
53	0.000000530000000
54	0.000000540000000
55	0.000000550000000
56	0.000000560000000
57	0.000000570000000
58	0.000000580000000
59	0.000000590000000
60	0.000000600000000
61	0.000000610000000
62	0.000000620000000
63	0.000000630000000
64	0.000000640000000
65	0.000000650000000
66	0.000000660000000
67	0.000000670000000
68	0.000000680000000
69	0.000000690000000
70	0.000000700000000
71	0.000000710000000
72	0.000000720000000
73	0.000000730000000
74	0.000000740000000
75	0.000000750000000
76	0.000000760000000
77	0.000000770000000
78	0.000000780000000
79	0.000000790000000
80	0.000000800000000
81	0.000000810000000
82	0.000000820000000
83	0.000000830000000
84	0.000000840000000
85	0.000000850000000
86	0.000000860000000
87	0.000000870000000
88	0.000000880000000
89	0.000000890000000
90	0.000000900000000
91	0.000000910000000
92	0.000000920000000
93	0.000000930000000
94	0.000000940000000
95	0.000000950000000
96	0.000000960000000
97	0.000000970000000
98	0.000000980000000
99	0.000000990000000
100	0.000001000000000
101	0.000001010000000
102	0.000001020000000
103	0.000001030000000
104	0.000001040000000
105	0.000001050000000
106	0.000001060000000
107	0.000001070000000
108	0.000001080000000
109	0.000001090000000
110	0.000001100000000
111	0.000001110000000
112	0.000001120000000
113	0.000001130000000
114	0.000001140000000
115	0.000001150000000
116	0.000001160000000
117	0.000001170000000
118	0.000001180000000
119	0.000001190000000
120	0.000001200000000
121	0.000001210000000
122	0.000001220000000
123	0.000001230000000
124	0.000001240000000
125	0.000001250000000
126	0.000001260000000
127	0.000001270000000
128	0.000001280000000
129	0.000001290000000
130	0.000001300000000
131	0.000001310000000
132	0.000001320000000
133	0.000001330000000
134	0.000001340000000
135	0.000001350000000
136	0.000001360000000
137	0.000001370000000
138	0.000001380000000
139	0.000001390000000
140	0.000001400000000
141	0.000001410000000
142	0.000001420000000
143	0.000001430000000
144	0.000001440000000
145	0.000001450000000
146	0.000001460000000
147	0.000001470000000
148	0.000001480000000
149	0.000001490000000
150	0.000001500000000
151	0.000001510000000
152	0.000001520000000
153	0.000001530000000
154	0.000001540000000
155	0.000001550000000
156	0.000001560000000
157	0.000001570000000
158	0.000001580000000
159	0.000001590000000
160	0.000001600000000
161	0.000001610000000
162	0.000001620000000
163	0.000001630000000
164	0.000001640000000
165	0.000001650000000
166	0.000001660000000
167	0.000001670000000
168	0.000001680000000
169	0.000001690000000
170	0.000001700000000
171	0.000001710000000
172	0.000001720000000
173	0.000001730000000
174	0.000001740000000
175	0.000001750000000
176	0.000001760000000
177	0.000001770000000
178	0.000001780000000
179	0.000001790000000
180	0.000001800000000
181	0.000001810000000
182	0.000001820000000
183	0.000001830000000
184	0.000001840000000
185	0.000001850000000
186	0.000001860000000
187	0.000001870000000
188	0.000001880000000
189	0.000001890000000
190	0.000001900000000
191	0.000001910000000
192	0.000001920000000
193	0.000001930000000
194	0.000001940000000
195	0.000001950000000
196	0.000001960000000
197	0.000001970000000
198	0.000001980000000
199	0.000001990000000
200	0.000002000000000
201	0.000002020000000
202	0.000002040000000
203	0.000002060000000
204	0.000002080000000
205	0.000002100000000
206	0.000002120000000
207	0.000002140000000
208	0.000002160000000
209	0.000002180000000
210	0.000002200000000
211	0.000002220000000
212	0.000002240000000
213	0.000002260000000
214	0.000002280000000
215	0.000002300000000
216	0.000002320000000
217	0.000002340000000
218	0.000002360000000
219	0.000002380000000
220	0.000002400000000
221	0.000002420000000
222	0.000002440000000
223	0.000002460000000
224	0.000002480000000
225	0.000002500000000
226	0.000002520000000
227	0.000002540000000
228	0.000002560000000
229	0.000002580000000
230	0.000002600000000
231	0.000002620000000
232	0.000002640000000
233	0.000002660000000
234	0.000002680000000
235	0.000002700000000
236	0.000002720000000
237	0.000002740000000
238	0.000002760000000
239	0.000002780000000
240	0.000002800000000
241	0.000002820000000
242	0.000002840000000
243	0.000002860000000
244	0.000002880000000
245	0.000002900000000
246	0.000002920000000
247	0.000002940000000
248	0.000002960000000
249	0.000002980000000
250	0.000003000000000
251	0.000003020000000
252	0.000003040000000
253	0.000003060000000
254	0.000003080000000
255	0.000003100000000
256	0.000003120000000
257	0.000003140000000
258	0.000003160000000
259	0.000003180000000
260	0.000003200000000
261	0.000003220000000
262	0.000003240000000
263	0.000003260000000
264	0.000003280000000
265	0.000003300000000
266	0.000003320000000
267	0.000003340000000
268	0.000003360000000
269	0.000003380000000
270	0.000003400000000
271	0.000003420000000
272	0.000003440000000
273	0.000003460000000
274	0.000003480000000
275	0.000003500000000
276	0.000003520000000
277	0.000003540000000
278	0.000003560000000
279	0.000003580000000
280	0.000003600000000
281	0.000003620000000
282	0.000003640000000
283	0.000003660000000
284	0.000003680000000
285	0.000003700000000
286	0.000003720000000
287	0.000003740000000
288	0.000003760000000
289	0.000003780000000
290	0.000003800000000
291	0.000003820000000
292	0.000003840000000
293	0.000003860000000
294	0.000003880000000
295	0.000003900000000
296	0.000003920000000
297	0.000003940000000
298	0.000003960000000
299	0.000003980000000
300	0.000004000000000
301	0.000004040000000
302	0.000004080000000
303	0.000004120000000
304	0.000004160000000
305	0.000004200000000
306	0.000004240000000
307	0.000004280000000
308	0.000004320000000
309	0.000004360000000
310	0.000004400000000
311	0.000004440000000
312	0.000004480000000
313	0.000004520000000
314	0.000004560000000
315	0.000004600000000
316	0.000004640000000
317	0.000004680000000
318	0.000004720000000
319	0.000004760000000
320	0.000004800000000
321	0.000004840000000
322	0.000004880000000
323	0.000004920000000
324	0.000004960000000
325	0.000005000000000
326	0.000005040000000
327	0.000005080000000
328	0.000005120000000
329	0.000005160000000
330	0.000005200000000
331	0.000005240000000
332	0.000005280000000
333	0.000005320000000
334	0.000005360000000
335	0.000005400000000
336	0.000005440000000
337	0.000005480000000
338	0.000005520000000
339	0.000005560000000
340	0.000005600000000
341	0.000005640000000
342	0.000005680000000
343	0.000005720000000
344	0.000005760000000
345	0.000005800000000
346	0.000005840000000
347	0.000005880000000
348	0.000005920000000
349	0.000005960000000
350	0.000006000000000
351	0.000006040000000
352	0.000006080000000
353	0.000006120000000
354	0.000006160000000
355	0.000006200000000
356	0.000006240000000
357	0.000006280000000
358	0.000006320000000
359	0.000006360000000
360	0.000006400000000
361	0.000006440000000
362	0.000006480000000
363	0.000006520000000
364	0.000006560000000
365	0.000006600000000
366	0.000006640000000
367	0.000006680000000
368	0.000006720000000
369	0.000006760000000
370	0.000006800000000
371	0.000006840000000
372	0.000006880000000
373	0.000006920000000
374	0.000006960000000
375	0.000007000000000
376	0.000007040000000
377	0.000007080000000
378	0.000007120000000
379	0.000007160000000
380	0.000007200000000
381	0.000007240000000
382	0.000007280000000
383	0.000007320000000
384	0.000007360000000
385	0.000007400000000
386	0.000007440000000
387	0.000007480000000
388	0.000007520000000
389	0.000007560000000
390	0.000007600000000
391	0.000007640000000
392	0.000007680000000
393	0.000007720000000
394	0.000007760000000
395	0.000007800000000
396	0.000007840000000
397	0.000007880000000
398	0.000007920000000
399	0.000007960000000
400	0.000008000000000
401	0.000008080000000
402	0.000008160000000
403	0.000008240000000
404	0.000008320000000
405	0.000008400000000
406	0.000008480000000
407	0.000008560000000
408	0.000008640000000
409	0.000008720000000
410	0.000008800000000
411	0.000008880000000
412	0.000008960000000
413	0.000009040000000
414	0.000009120000000
415	0.000009200000000
416	0.000009280000000
417	0.000009360000000
418	0.000009440000000
419	0.000009520000000
420	0.000009600000000
421	0.000009680000000
422	0.000009760000000
423	0.000009840000000
424	0.000009920000000
425	0.000010000000000
426	0.000010080000000
427	0.000010160000000
428	0.000010240000000
429	0.000010320000000
430	0.000010400000000
431	0.000010480000000
432	0.000010560000000
433	0.000010640000000
434	0.000010720000000
435	0.000010800000000
436	0.000010880000000
437	0.000010960000000
438	0.000011040000000
439	0.000011120000000
440	0.000011200000000
441	0.000011280000000
442	0.000011360000000
443	0.000011440000000
444	0.000011520000000
445	0.000011600000000
446	0.000011680000000
447	0.000011760000000
448	0.000011840000000
449	0.000011920000000
450	0.000012000000000
451	0.000012080000000
452	0.000012160000000
453	0.000012240000000
454	0.000012320000000
455	0.000012400000000
456	0.000012480000000
457	0.000012560000000
458	0.000012640000000
459	0.000012720000000
460	0.000012800000000
461	0.000012880000000
462	0.000012960000000
463	0.000013040000000
464	0.000013120000000
465	0.000013200000000
466	0.000013280000000
467	0.000013360000000
468	0.000013440000000
469	0.000013520000000
470	0.000013600000000
471	0.000013680000000
472	0.000013760000000
473	0.000013840000000
474	0.000013920000000
475	0.000014000000000
476	0.000014080000000
477	0.000014160000000
478	0.000014240000000
479	0.000014320000000
480	0.000014400000000
481	0.000014480000000
482	0.000014560000000
483	0.000014640000000
484	0.000014720000000
485	0.000014800000000
486	0.000014880000000
487	0.000014960000000
488	0.000015040000000
489	0.000015120000000
490	0.000015200000000
491	0.000015280000000
492	0.000015360000000
493	0.000015440000000
494	0.000015520000000
495	0.000015600000000
496	0.000015680000000
497	0.000015760000000
498	0.000015840000000
499	0.000015920000000
500	0.000016000000000
501	0.000016160000000
502	0.000016320000000
503	0.000016480000000
504	0.000016640000000
505	0.000016800000000
506	0.000016960000000
507	0.000017120000000
508	0.000017280000000
509	0.000017440000000
510	0.000017600000000
511	0.000017760000000
512	0.000017920000000
513	0.000018080000000
514	0.000018240000000
515	0.000018400000000
516	0.000018560000000
517	0.000018720000000
518	0.000018880000000
519	0.000019040000000
520	0.000019200000000
521	0.000019360000000
522	0.000019520000000
523	0.000019680000000
524	0.000019840000000
525	0.000020000000000
526	0.000020160000000
527	0.000020320000000
528	0.000020480000000
529	0.000020640000000
530	0.000020800000000
531	0.000020960000000
532	0.000021120000000
533	0.000021280000000
534	0.000021440000000
535	0.000021600000000
536	0.000021760000000
537	0.000021920000000
538	0.000022080000000
539	0.000022240000000
540	0.000022400000000
541	0.000022560000000
542	0.000022720000000
543	0.000022880000000
544	0.000023040000000
545	0.000023200000000
546	0.000023360000000
547	0.000023520000000
548	0.000023680000000
549	0.000023840000000
550	0.000024000000000
551	0.000024160000000
552	0.000024320000000
553	0.000024480000000
554	0.000024640000000
555	0.000024800000000
556	0.000024960000000
557	0.000025120000000
558	0.000025280000000
559	0.000025440000000
560	0.000025600000000
561	0.000025760000000
562	0.000025920000000
563	0.000026080000000
564	0.000026240000000
565	0.000026400000000
566	0.000026560000000
567	0.000026720000000
568	0.000026880000000
569	0.000027040000000
570	0.000027200000000
571	0.000027360000000
572	0.000027520000000
573	0.000027680000000
574	0.000027840000000
575	0.000028000000000
576	0.000028160000000
577	0.000028320000000
578	0.000028480000000
579	0.000028640000000
580	0.000028800000000
581	0.000028960000000
582	0.000029120000000
583	0.000029280000000
584	0.000029440000000
585	0.000029600000000
586	0.000029760000000
587	0.000029920000000
588	0.000030080000000
589	0.000030240000000
590	0.000030400000000
591	0.000030560000000
592	0.000030720000000
593	0.000030880000000
594	0.000031040000000
595	0.000031200000000
596	0.000031360000000
597	0.000031520000000
598	0.000031680000000
599	0.000031840000000
600	0.000032000000000
601	0.000032320000000
602	0.000032640000000
603	0.000032960000000
604	0.000033280000000
605	0.000033600000000
606	0.000033920000000
607	0.000034240000000
608	0.000034560000000
609	0.000034880000000
610	0.000035200000000
611	0.000035520000000
612	0.000035840000000
613	0.000036160000000
614	0.000036480000000
615	0.000036800000000
616	0.000037120000000
617	0.000037440000000
618	0.000037760000000
619	0.000038080000000
620	0.000038400000000
621	0.000038720000000
622	0.000039040000000
623	0.000039360000000
624	0.000039680000000
625	0.000040000000000
626	0.000040320000000
627	0.000040640000000
628	0.000040960000000
629	0.000041280000000
630	0.000041600000000
631	0.000041920000000
632	0.000042240000000
633	0.000042560000000
634	0.000042880000000
635	0.000043200000000
636	0.000043520000000
637	0.000043840000000
638	0.000044160000000
639	0.000044480000000
640	0.000044800000000
641	0.000045120000000
642	0.000045440000000
643	0.000045760000000
644	0.000046080000000
645	0.000046400000000
646	0.000046720000000
647	0.000047040000000
648	0.000047360000000
649	0.000047680000000
650	0.000048000000000
651	0.000048320000000
652	0.000048640000000
653	0.000048960000000
654	0.000049280000000
655	0.000049600000000
656	0.000049920000000
657	0.000050240000000
658	0.000050560000000
659	0.000050880000000
660	0.000051200000000
661	0.000051520000000
662	0.000051840000000
663	0.000052160000000
664	0.000052480000000
665	0.000052800000000
666	0.000053120000000
667	0.000053440000000
668	0.000053760000000
669	0.000054080000000
670	0.000054400000000
671	0.000054720000000
672	0.000055040000000
673	0.000055360000000
674	0.000055680000000
675	0.000056000000000
676	0.000056320000000
677	0.000056640000000
678	0.000056960000000
679	0.000057280000000
680	0.000057600000000
681	0.000057920000000
682	0.000058240000000
683	0.000058560000000
684	0.000058880000000
685	0.000059200000000
686	0.000059520000000
687	0.000059840000000
688	0.000060160000000
689	0.000060480000000
690	0.000060800000000
691	0.000061120000000
692	0.000061440000000
693	0.000061760000000
694	0.000062080000000
695	0.000062400000000
696	0.000062720000000
697	0.000063040000000
698	0.000063360000000
699	0.000063680000000
700	0.000064000000000
701	0.000064640000000
702	0.000065280000000
703	0.000065920000000
704	0.000066560000000
705	0.000067200000000
706	0.000067840000000
707	0.000068480000000
708	0.000069120000000
709	0.000069760000000
710	0.000070400000000
711	0.000071040000000
712	0.000071680000000
713	0.000072320000000
714	0.000072960000000
715	0.000073600000000
716	0.000074240000000
717	0.000074880000000
718	0.000075520000000
719	0.000076160000000
720	0.000076800000000
721	0.000077440000000
722	0.000078080000000
723	0.000078720000000
724	0.000079360000000
725	0.000080000000000
726	0.000080640000000
727	0.000081280000000
728	0.000081920000000
729	0.000082560000000
730	0.000083200000000
731	0.000083840000000
732	0.000084480000000
733	0.000085120000000
734	0.000085760000000
735	0.000086400000000
736	0.000087040000000
737	0.000087680000000
738	0.000088320000000
739	0.000088960000000
740	0.000089600000000
741	0.000090240000000
742	0.000090880000000
743	0.000091520000000
744	0.000092160000000
745	0.000092800000000
746	0.000093440000000
747	0.000094080000000
748	0.000094720000000
749	0.000095360000000
750	0.000096000000000
751	0.000096640000000
752	0.000097280000000
753	0.000097920000000
754	0.000098560000000
755	0.000099200000000
756	0.000099840000000
757	0.000100480000000
758	0.000101120000000
759	0.000101760000000
760	0.000102400000000
761	0.000103040000000
762	0.000103680000000
763	0.000104320000000
764	0.000104960000000
765	0.000105600000000
766	0.000106240000000
767	0.000106880000000
768	0.000107520000000
769	0.000108160000000
770	0.000108800000000
771	0.000109440000000
772	0.000110080000000
773	0.000110720000000
774	0.000111360000000
775	0.000112000000000
776	0.000112640000000
777	0.000113280000000
778	0.000113920000000
779	0.000114560000000
780	0.000115200000000
781	0.000115840000000
782	0.000116480000000
783	0.000117120000000
784	0.000117760000000
785	0.000118400000000
786	0.000119040000000
787	0.000119680000000
788	0.000120320000000
789	0.000120960000000
790	0.000121600000000
791	0.000122240000000
792	0.000122880000000
793	0.000123520000000
794	0.000124160000000
795	0.000124800000000
796	0.000125440000000
797	0.000126080000000
798	0.000126720000000
799	0.000127360000000
800	0.000128000000000
801	0.000129280000000
802	0.000130560000000
803	0.000131840000000
804	0.000133120000000
805	0.000134400000000
806	0.000135680000000
807	0.000136960000000
808	0.000138240000000
809	0.000139520000000
810	0.000140800000000
811	0.000142080000000
812	0.000143360000000
813	0.000144640000000
814	0.000145920000000
815	0.000147200000000
816	0.000148480000000
817	0.000149760000000
818	0.000151040000000
819	0.000152320000000
820	0.000153600000000
821	0.000154880000000
822	0.000156160000000
823	0.000157440000000
824	0.000158720000000
825	0.000160000000000
826	0.000161280000000
827	0.000162560000000
828	0.000163840000000
829	0.000165120000000
830	0.000166400000000
831	0.000167680000000
832	0.000168960000000
833	0.000170240000000
834	0.000171520000000
835	0.000172800000000
836	0.000174080000000
837	0.000175360000000
838	0.000176640000000
839	0.000177920000000
840	0.000179200000000
841	0.000180480000000
842	0.000181760000000
843	0.000183040000000
844	0.000184320000000
845	0.000185600000000
846	0.000186880000000
847	0.000188160000000
848	0.000189440000000
849	0.000190720000000
850	0.000192000000000
851	0.000193280000000
852	0.000194560000000
853	0.000195840000000
854	0.000197120000000
855	0.000198400000000
856	0.000199680000000
857	0.000200960000000
858	0.000202240000000
859	0.000203520000000
860	0.000204800000000
861	0.000206080000000
862	0.000207360000000
863	0.000208640000000
864	0.000209920000000
865	0.000211200000000
866	0.000212480000000
867	0.000213760000000
868	0.000215040000000
869	0.000216320000000
870	0.000217600000000
871	0.000218880000000
872	0.000220160000000
873	0.000221440000000
874	0.000222720000000
875	0.000224000000000
876	0.000225280000000
877	0.000226560000000
878	0.000227840000000
879	0.000229120000000
880	0.000230400000000
881	0.000231680000000
882	0.000232960000000
883	0.000234240000000
884	0.000235520000000
885	0.000236800000000
886	0.000238080000000
887	0.000239360000000
888	0.000240640000000
889	0.000241920000000
890	0.000243200000000
891	0.000244480000000
892	0.000245760000000
893	0.000247040000000
894	0.000248320000000
895	0.000249600000000
896	0.000250880000000
897	0.000252160000000
898	0.000253440000000
899	0.000254720000000
900	0.000256000000000
901	0.000258560000000
902	0.000261120000000
903	0.000263680000000
904	0.000266240000000
905	0.000268800000000
906	0.000271360000000
907	0.000273920000000
908	0.000276480000000
909	0.000279040000000
910	0.000281600000000
911	0.000284160000000
912	0.000286720000000
913	0.000289280000000
914	0.000291840000000
915	0.000294400000000
916	0.000296960000000
917	0.000299520000000
918	0.000302080000000
919	0.000304640000000
920	0.000307200000000
921	0.000309760000000
922	0.000312320000000
923	0.000314880000000
924	0.000317440000000
925	0.000320000000000
926	0.000322560000000
927	0.000325120000000
928	0.000327680000000
929	0.000330240000000
930	0.000332800000000
931	0.000335360000000
932	0.000337920000000
933	0.000340480000000
934	0.000343040000000
935	0.000345600000000
936	0.000348160000000
937	0.000350720000000
938	0.000353280000000
939	0.000355840000000
940	0.000358400000000
941	0.000360960000000
942	0.000363520000000
943	0.000366080000000
944	0.000368640000000
945	0.000371200000000
946	0.000373760000000
947	0.000376320000000
948	0.000378880000000
949	0.000381440000000
950	0.000384000000000
951	0.000386560000000
952	0.000389120000000
953	0.000391680000000
954	0.000394240000000
955	0.000396800000000
956	0.000399360000000
957	0.000401920000000
958	0.000404480000000
959	0.000407040000000
960	0.000409600000000
961	0.000412160000000
962	0.000414720000000
963	0.000417280000000
964	0.000419840000000
965	0.000422400000000
966	0.000424960000000
967	0.000427520000000
968	0.000430080000000
969	0.000432640000000
970	0.000435200000000
971	0.000437760000000
972	0.000440320000000
973	0.000442880000000
974	0.000445440000000
975	0.000448000000000
976	0.000450560000000
977	0.000453120000000
978	0.000455680000000
979	0.000458240000000
980	0.000460800000000
981	0.000463360000000
982	0.000465920000000
983	0.000468480000000
984	0.000471040000000
985	0.000473600000000
986	0.000476160000000
987	0.000478720000000
988	0.000481280000000
989	0.000483840000000
990	0.000486400000000
991	0.000488960000000
992	0.000491520000000
993	0.000494080000000
994	0.000496640000000
995	0.000499200000000
996	0.000501760000000
997	0.000504320000000
998	0.000506880000000
999	0.000509440000000
1000	0.000512000000000
1001	0.000517120000000
1002	0.000522240000000
1003	0.000527360000000
1004	0.000532480000000
1005	0.000537600000000
1006	0.000542720000000
1007	0.000547840000000
1008	0.000552960000000
1009	0.000558080000000
1010	0.000563200000000
1011	0.000568320000000
1012	0.000573440000000
1013	0.000578560000000
1014	0.000583680000000
1015	0.000588800000000
1016	0.000593920000000
1017	0.000599040000000
1018	0.000604160000000
1019	0.000609280000000
1020	0.000614400000000
1021	0.000619520000000
1022	0.000624640000000
1023	0.000629760000000
1024	0.000634880000000
1025	0.000640000000000
1026	0.000645120000000
1027	0.000650240000000
1028	0.000655360000000
1029	0.000660480000000
1030	0.000665600000000
1031	0.000670720000000
1032	0.000675840000000
1033	0.000680960000000
1034	0.000686080000000
1035	0.000691200000000
1036	0.000696320000000
1037	0.000701440000000
1038	0.000706560000000
1039	0.000711680000000
1040	0.000716800000000
1041	0.000721920000000
1042	0.000727040000000
1043	0.000732160000000
1044	0.000737280000000
1045	0.000742400000000
1046	0.000747520000000
1047	0.000752640000000
1048	0.000757760000000
1049	0.000762880000000
1050	0.000768000000000
1051	0.000773120000000
1052	0.000778240000000
1053	0.000783360000000
1054	0.000788480000000
1055	0.000793600000000
1056	0.000798720000000
1057	0.000803840000000
1058	0.000808960000000
1059	0.000814080000000
1060	0.000819200000000
1061	0.000824320000000
1062	0.000829440000000
1063	0.000834560000000
1064	0.000839680000000
1065	0.000844800000000
1066	0.000849920000000
1067	0.000855040000000
1068	0.000860160000000
1069	0.000865280000000
1070	0.000870400000000
1071	0.000875520000000
1072	0.000880640000000
1073	0.000885760000000
1074	0.000890880000000
1075	0.000896000000000
1076	0.000901120000000
1077	0.000906240000000
1078	0.000911360000000
1079	0.000916480000000
1080	0.000921600000000
1081	0.000926720000000
1082	0.000931840000000
1083	0.000936960000000
1084	0.000942080000000
1085	0.000947200000000
1086	0.000952320000000
1087	0.000957440000000
1088	0.000962560000000
1089	0.000967680000000
1090	0.000972800000000
1091	0.000977920000000
1092	0.000983040000000
1093	0.000988160000000
1094	0.000993280000000
1095	0.000998400000000
1096	0.001003520000000
1097	0.001008640000000
1098	0.001013760000000
1099	0.001018880000000
1100	0.001024000000000
1101	0.001034240000000
1102	0.001044480000000
1103	0.001054720000000
1104	0.001064960000000
1105	0.001075200000000
1106	0.001085440000000
1107	0.001095680000000
1108	0.001105920000000
1109	0.001116160000000
1110	0.001126400000000
1111	0.001136640000000
1112	0.001146880000000
1113	0.001157120000000
1114	0.001167360000000
1115	0.001177600000000
1116	0.001187840000000
1117	0.001198080000000
1118	0.001208320000000
1119	0.001218560000000
1120	0.001228800000000
1121	0.001239040000000
1122	0.001249280000000
1123	0.001259520000000
1124	0.001269760000000
1125	0.001280000000000
1126	0.001290240000000
1127	0.001300480000000
1128	0.001310720000000
1129	0.001320960000000
1130	0.001331200000000
1131	0.001341440000000
1132	0.001351680000000
1133	0.001361920000000
1134	0.001372160000000
1135	0.001382400000000
1136	0.001392640000000
1137	0.001402880000000
1138	0.001413120000000
1139	0.001423360000000
1140	0.001433600000000
1141	0.001443840000000
1142	0.001454080000000
1143	0.001464320000000
1144	0.001474560000000
1145	0.001484800000000
1146	0.001495040000000
1147	0.001505280000000
1148	0.001515520000000
1149	0.001525760000000
1150	0.001536000000000
1151	0.001546240000000
1152	0.001556480000000
1153	0.001566720000000
1154	0.001576960000000
1155	0.001587200000000
1156	0.001597440000000
1157	0.001607680000000
1158	0.001617920000000
1159	0.001628160000000
1160	0.001638400000000
1161	0.001648640000000
1162	0.001658880000000
1163	0.001669120000000
1164	0.001679360000000
1165	0.001689600000000
1166	0.001699840000000
1167	0.001710080000000
1168	0.001720320000000
1169	0.001730560000000
1170	0.001740800000000
1171	0.001751040000000
1172	0.001761280000000
1173	0.001771520000000
1174	0.001781760000000
1175	0.001792000000000
1176	0.001802240000000
1177	0.001812480000000
1178	0.001822720000000
1179	0.001832960000000
1180	0.001843200000000
1181	0.001853440000000
1182	0.001863680000000
1183	0.001873920000000
1184	0.001884160000000
1185	0.001894400000000
1186	0.001904640000000
1187	0.001914880000000
1188	0.001925120000000
1189	0.001935360000000
1190	0.001945600000000
1191	0.001955840000000
1192	0.001966080000000
1193	0.001976320000000
1194	0.001986560000000
1195	0.001996800000000
1196	0.002007040000000
1197	0.002017280000000
1198	0.002027520000000
1199	0.002037760000000
1200	0.002048000000000
1201	0.002058240000000
1202	0.002068480000000
1203	0.002078720000000
1204	0.002088960000000
1205	0.002099200000000
1206	0.002109440000000
1207	0.002119680000000
1208	0.002129920000000
1209	0.002140160000000
1210	0.002150400000000
1211	0.002160640000000
1212	0.002170880000000
1213	0.002181120000000
1214	0.002191360000000
1215	0.002201600000000
1216	0.002211840000000
1217	0.002222080000000
1218	0.002232320000000
1219	0.002242560000000
1220	0.002252800000000
1221	0.002263040000000
1222	0.002273280000000
1223	0.002283520000000
1224	0.002293760000000
1225	0.002304000000000
1226	0.002314240000000
1227	0.002324480000000
1228	0.002334720000000
1229	0.002344960000000
1230	0.002355200000000
1231	0.002365440000000
1232	0.002375680000000
1233	0.002385920000000
1234	0.002396160000000
1235	0.002406400000000
1236	0.002416640000000
1237	0.002426880000000
1238	0.002437120000000
1239	0.002447360000000
1240	0.002457600000000
1241	0.002467840000000
1242	0.002478080000000
1243	0.002488320000000
1244	0.002498560000000
1245	0.002508800000000
1246	0.002519040000000
1247	0.002529280000000
1248	0.002539520000000
1249	0.002549760000000
1250	0.002560000000000
1251	0.002570240000000
1252	0.002580480000000
1253	0.002590720000000
1254	0.002600960000000
1255	0.002611200000000
1256	0.002621440000000
1257	0.002631680000000
1258	0.002641920000000
1259	0.002652160000000
1260	0.002662400000000
1261	0.002672640000000
1262	0.002682880000000
1263	0.002693120000000
1264	0.002703360000000
1265	0.002713600000000
1266	0.002723840000000
1267	0.002734080000000
1268	0.002744320000000
1269	0.002754560000000
1270	0.002764800000000
1271	0.002775040000000
1272	0.002785280000000
1273	0.002795520000000
1274	0.002805760000000
1275	0.002816000000000
1276	0.002826240000000
1277	0.002836480000000
1278	0.002846720000000
1279	0.002856960000000
1280	0.002867200000000
1281	0.002877440000000
1282	0.002887680000000
1283	0.002897920000000
1284	0.002908160000000
1285	0.002918400000000
1286	0.002928640000000
1287	0.002938880000000
1288	0.002949120000000
1289	0.002959360000000
1290	0.002969600000000
1291	0.002979840000000
1292	0.002990080000000
1293	0.003000320000000
1294	0.003010560000000
1295	0.003020800000000
1296	0.003031040000000
1297	0.003041280000000
1298	0.003051520000000
1299	0.003061760000000
1300	0.003072000000000
1301	0.003082240000000
1302	0.003092480000000
1303	0.003102720000000
1304	0.003112960000000
1305	0.003123200000000
1306	0.003133440000000
1307	0.003143680000000
1308	0.003153920000000
1309	0.003164160000000
1310	0.003174400000000
1311	0.003184640000000
1312	0.003194880000000
1313	0.003205120000000
1314	0.003215360000000
1315	0.003225600000000
1316	0.003235840000000
1317	0.003246080000000
1318	0.003256320000000
1319	0.003266560000000
1320	0.003276800000000
1321	0.003287040000000
1322	0.003297280000000
1323	0.003307520000000
1324	0.003317760000000
1325	0.003328000000000
1326	0.003338240000000
1327	0.003348480000000
1328	0.003358720000000
1329	0.003368960000000
1330	0.003379200000000
1331	0.003389440000000
1332	0.003399680000000
1333	0.003409920000000
1334	0.003420160000000
1335	0.003430400000000
1336	0.003440640000000
1337	0.003450880000000
1338	0.003461120000000
1339	0.003471360000000
1340	0.003481600000000
1341	0.003491840000000
1342	0.003502080000000
1343	0.003512320000000
1344	0.003522560000000
1345	0.003532800000000
1346	0.003543040000000
1347	0.003553280000000
1348	0.003563520000000
1349	0.003573760000000
1350	0.003584000000000
1351	0.003594240000000
1352	0.003604480000000
1353	0.003614720000000
1354	0.003624960000000
1355	0.003635200000000
1356	0.003645440000000
1357	0.003655680000000
1358	0.003665920000000
1359	0.003676160000000
1360	0.003686400000000
1361	0.003696640000000
1362	0.003706880000000
1363	0.003717120000000
1364	0.003727360000000
1365	0.003737600000000
1366	0.003747840000000
1367	0.003758080000000
1368	0.003768320000000
1369	0.003778560000000
1370	0.003788800000000
1371	0.003799040000000
1372	0.003809280000000
1373	0.003819520000000
1374	0.003829760000000
1375	0.003840000000000
1376	0.003850240000000
1377	0.003860480000000
1378	0.003870720000000
1379	0.003880960000000
1380	0.003891200000000
1381	0.003901440000000
1382	0.003911680000000
1383	0.003921920000000
1384	0.003932160000000
1385	0.003942400000000
1386	0.003952640000000
1387	0.003962880000000
1388	0.003973120000000
1389	0.003983360000000
1390	0.003993600000000
1391	0.004003840000000
1392	0.004014080000000
1393	0.004024320000000
1394	0.004034560000000
1395	0.004044800000000
1396	0.004055040000000
1397	0.004065280000000
1398	0.004075520000000
1399	0.004085760000000
1400	0.004096000000000
1401	0.004101120000000
1402	0.004106240000000
1403	0.004111360000000
1404	0.004116480000000
1405	0.004121600000000
1406	0.004126720000000
1407	0.004131840000000
1408	0.004136960000000
1409	0.004142080000000
1410	0.004147200000000
1411	0.004152320000000
1412	0.004157440000000
1413	0.004162560000000
1414	0.004167680000000
1415	0.004172800000000
1416	0.004177920000000
1417	0.004183040000000
1418	0.004188160000000
1419	0.004193280000000
1420	0.004198400000000
1421	0.004203520000000
1422	0.004208640000000
1423	0.004213760000000
1424	0.004218880000000
1425	0.004224000000000
1426	0.004229120000000
1427	0.004234240000000
1428	0.004239360000000
1429	0.004244480000000
1430	0.004249600000000
1431	0.004254720000000
1432	0.004259840000000
1433	0.004264960000000
1434	0.004270080000000
1435	0.004275200000000
1436	0.004280320000000
1437	0.004285440000000
1438	0.004290560000000
1439	0.004295680000000
1440	0.004300800000000
1441	0.004305920000000
1442	0.004311040000000
1443	0.004316160000000
1444	0.004321280000000
1445	0.004326400000000
1446	0.004331520000000
1447	0.004336640000000
1448	0.004341760000000
1449	0.004346880000000
1450	0.004352000000000
1451	0.004357120000000
1452	0.004362240000000
1453	0.004367360000000
1454	0.004372480000000
1455	0.004377600000000
1456	0.004382720000000
1457	0.004387840000000
1458	0.004392960000000
1459	0.004398080000000
1460	0.004403200000000
1461	0.004408320000000
1462	0.004413440000000
1463	0.004418560000000
1464	0.004423680000000
1465	0.004428800000000
1466	0.004433920000000
1467	0.004439040000000
1468	0.004444160000000
1469	0.004449280000000
1470	0.004454400000000
1471	0.004459520000000
1472	0.004464640000000
1473	0.004469760000000
1474	0.004474880000000
1475	0.004480000000000
1476	0.004485120000000
1477	0.004490240000000
1478	0.004495360000000
1479	0.004500480000000
1480	0.004505600000000
1481	0.004510720000000
1482	0.004515840000000
1483	0.004520960000000
1484	0.004526080000000
1485	0.004531200000000
1486	0.004536320000000
1487	0.004541440000000
1488	0.004546560000000
1489	0.004551680000000
1490	0.004556800000000
1491	0.004561920000000
1492	0.004567040000000
1493	0.004572160000000
1494	0.004577280000000
1495	0.004582400000000
1496	0.004587520000000
1497	0.004592640000000
1498	0.004597760000000
1499	0.004602880000000
1500	0.004608000000000
1501	0.004610560000000
1502	0.004613120000000
1503	0.004615680000000
1504	0.004618240000000
1505	0.004620800000000
1506	0.004623360000000
1507	0.004625920000000
1508	0.004628480000000
1509	0.004631040000000
1510	0.004633600000000
1511	0.004636160000000
1512	0.004638720000000
1513	0.004641280000000
1514	0.004643840000000
1515	0.004646400000000
1516	0.004648960000000
1517	0.004651520000000
1518	0.004654080000000
1519	0.004656640000000
1520	0.004659200000000
1521	0.004661760000000
1522	0.004664320000000
1523	0.004666880000000
1524	0.004669440000000
1525	0.004672000000000
1526	0.004674560000000
1527	0.004677120000000
1528	0.004679680000000
1529	0.004682240000000
1530	0.004684800000000
1531	0.004687360000000
1532	0.004689920000000
1533	0.004692480000000
1534	0.004695040000000
1535	0.004697600000000
1536	0.004700160000000
1537	0.004702720000000
1538	0.004705280000000
1539	0.004707840000000
1540	0.004710400000000
1541	0.004712960000000
1542	0.004715520000000
1543	0.004718080000000
1544	0.004720640000000
1545	0.004723200000000
1546	0.004725760000000
1547	0.004728320000000
1548	0.004730880000000
1549	0.004733440000000
1550	0.004736000000000
1551	0.004738560000000
1552	0.004741120000000
1553	0.004743680000000
1554	0.004746240000000
1555	0.004748800000000
1556	0.004751360000000
1557	0.004753920000000
1558	0.004756480000000
1559	0.004759040000000
1560	0.004761600000000
1561	0.004764160000000
1562	0.004766720000000
1563	0.004769280000000
1564	0.004771840000000
1565	0.004774400000000
1566	0.004776960000000
1567	0.004779520000000
1568	0.004782080000000
1569	0.004784640000000
1570	0.004787200000000
1571	0.004789760000000
1572	0.004792320000000
1573	0.004794880000000
1574	0.004797440000000
1575	0.004800000000000
1576	0.004802560000000
1577	0.004805120000000
1578	0.004807680000000
1579	0.004810240000000
1580	0.004812800000000
1581	0.004815360000000
1582	0.004817920000000
1583	0.004820480000000
1584	0.004823040000000
1585	0.004825600000000
1586	0.004828160000000
1587	0.004830720000000
1588	0.004833280000000
1589	0.004835840000000
1590	0.004838400000000
1591	0.004840960000000
1592	0.004843520000000
1593	0.004846080000000
1594	0.004848640000000
1595	0.004851200000000
1596	0.004853760000000
1597	0.004856320000000
1598	0.004858880000000
1599	0.004861440000000
1600	0.004864000000000
1601	0.004865280000000
1602	0.004866560000000
1603	0.004867840000000
1604	0.004869120000000
1605	0.004870400000000
1606	0.004871680000000
1607	0.004872960000000
1608	0.004874240000000
1609	0.004875520000000
1610	0.004876800000000
1611	0.004878080000000
1612	0.004879360000000
1613	0.004880640000000
1614	0.004881920000000
1615	0.004883200000000
1616	0.004884480000000
1617	0.004885760000000
1618	0.004887040000000
1619	0.004888320000000
1620	0.004889600000000
1621	0.004890880000000
1622	0.004892160000000
1623	0.004893440000000
1624	0.004894720000000
1625	0.004896000000000
1626	0.004897280000000
1627	0.004898560000000
1628	0.004899840000000
1629	0.004901120000000
1630	0.004902400000000
1631	0.004903680000000
1632	0.004904960000000
1633	0.004906240000000
1634	0.004907520000000
1635	0.004908800000000
1636	0.004910080000000
1637	0.004911360000000
1638	0.004912640000000
1639	0.004913920000000
1640	0.004915200000000
1641	0.004916480000000
1642	0.004917760000000
1643	0.004919040000000
1644	0.004920320000000
1645	0.004921600000000
1646	0.004922880000000
1647	0.004924160000000
1648	0.004925440000000
1649	0.004926720000000
1650	0.004928000000000
1651	0.004929280000000
1652	0.004930560000000
1653	0.004931840000000
1654	0.004933120000000
1655	0.004934400000000
1656	0.004935680000000
1657	0.004936960000000
1658	0.004938240000000
1659	0.004939520000000
1660	0.004940800000000
1661	0.004942080000000
1662	0.004943360000000
1663	0.004944640000000
1664	0.004945920000000
1665	0.004947200000000
1666	0.004948480000000
1667	0.004949760000000
1668	0.004951040000000
1669	0.004952320000000
1670	0.004953600000000
1671	0.004954880000000
1672	0.004956160000000
1673	0.004957440000000
1674	0.004958720000000
1675	0.004960000000000
1676	0.004961280000000
1677	0.004962560000000
1678	0.004963840000000
1679	0.004965120000000
1680	0.004966400000000
1681	0.004967680000000
1682	0.004968960000000
1683	0.004970240000000
1684	0.004971520000000
1685	0.004972800000000
1686	0.004974080000000
1687	0.004975360000000
1688	0.004976640000000
1689	0.004977920000000
1690	0.004979200000000
1691	0.004980480000000
1692	0.004981760000000
1693	0.004983040000000
1694	0.004984320000000
1695	0.004985600000000
1696	0.004986880000000
1697	0.004988160000000
1698	0.004989440000000
1699	0.004990720000000
1700	0.004992000000000
1701	0.004992640000000
1702	0.004993280000000
1703	0.004993920000000
1704	0.004994560000000
1705	0.004995200000000
1706	0.004995840000000
1707	0.004996480000000
1708	0.004997120000000
1709	0.004997760000000
1710	0.004998400000000
1711	0.004999040000000
1712	0.004999680000000
1713	0.005000320000000
1714	0.005000960000000
1715	0.005001600000000
1716	0.005002240000000
1717	0.005002880000000
1718	0.005003520000000
1719	0.005004160000000
1720	0.005004800000000
1721	0.005005440000000
1722	0.005006080000000
1723	0.005006720000000
1724	0.005007360000000
1725	0.005008000000000
1726	0.005008640000000
1727	0.005009280000000
1728	0.005009920000000
1729	0.005010560000000
1730	0.005011200000000
1731	0.005011840000000
1732	0.005012480000000
1733	0.005013120000000
1734	0.005013760000000
1735	0.005014400000000
1736	0.005015040000000
1737	0.005015680000000
1738	0.005016320000000
1739	0.005016960000000
1740	0.005017600000000
1741	0.005018240000000
1742	0.005018880000000
1743	0.005019520000000
1744	0.005020160000000
1745	0.005020800000000
1746	0.005021440000000
1747	0.005022080000000
1748	0.005022720000000
1749	0.005023360000000
1750	0.005024000000000
1751	0.005024640000000
1752	0.005025280000000
1753	0.005025920000000
1754	0.005026560000000
1755	0.005027200000000
1756	0.005027840000000
1757	0.005028480000000
1758	0.005029120000000
1759	0.005029760000000
1760	0.005030400000000
1761	0.005031040000000
1762	0.005031680000000
1763	0.005032320000000
1764	0.005032960000000
1765	0.005033600000000
1766	0.005034240000000
1767	0.005034880000000
1768	0.005035520000000
1769	0.005036160000000
1770	0.005036800000000
1771	0.005037440000000
1772	0.005038080000000
1773	0.005038720000000
1774	0.005039360000000
1775	0.005040000000000
1776	0.005040640000000
1777	0.005041280000000
1778	0.005041920000000
1779	0.005042560000000
1780	0.005043200000000
1781	0.005043840000000
1782	0.005044480000000
1783	0.005045120000000
1784	0.005045760000000
1785	0.005046400000000
1786	0.005047040000000
1787	0.005047680000000
1788	0.005048320000000
1789	0.005048960000000
1790	0.005049600000000
1791	0.005050240000000
1792	0.005050880000000
1793	0.005051520000000
1794	0.005052160000000
1795	0.005052800000000
1796	0.005053440000000
1797	0.005054080000000
1798	0.005054720000000
1799	0.005055360000000
1800	0.005056000000000
1801	0.005056320000000
1802	0.005056640000000
1803	0.005056960000000
1804	0.005057280000000
1805	0.005057600000000
1806	0.005057920000000
1807	0.005058240000000
1808	0.005058560000000
1809	0.005058880000000
1810	0.005059200000000
1811	0.005059520000000
1812	0.005059840000000
1813	0.005060160000000
1814	0.005060480000000
1815	0.005060800000000
1816	0.005061120000000
1817	0.005061440000000
1818	0.005061760000000
1819	0.005062080000000
1820	0.005062400000000
1821	0.005062720000000
1822	0.005063040000000
1823	0.005063360000000
1824	0.005063680000000
1825	0.005064000000000
1826	0.005064320000000
1827	0.005064640000000
1828	0.005064960000000
1829	0.005065280000000
1830	0.005065600000000
1831	0.005065920000000
1832	0.005066240000000
1833	0.005066560000000
1834	0.005066880000000
1835	0.005067200000000
1836	0.005067520000000
1837	0.005067840000000
1838	0.005068160000000
1839	0.005068480000000
1840	0.005068800000000
1841	0.005069120000000
1842	0.005069440000000
1843	0.005069760000000
1844	0.005070080000000
1845	0.005070400000000
1846	0.005070720000000
1847	0.005071040000000
1848	0.005071360000000
1849	0.005071680000000
1850	0.005072000000000
1851	0.005072320000000
1852	0.005072640000000
1853	0.005072960000000
1854	0.005073280000000
1855	0.005073600000000
1856	0.005073920000000
1857	0.005074240000000
1858	0.005074560000000
1859	0.005074880000000
1860	0.005075200000000
1861	0.005075520000000
1862	0.005075840000000
1863	0.005076160000000
1864	0.005076480000000
1865	0.005076800000000
1866	0.005077120000000
1867	0.005077440000000
1868	0.005077760000000
1869	0.005078080000000
1870	0.005078400000000
1871	0.005078720000000
1872	0.005079040000000
1873	0.005079360000000
1874	0.005079680000000
1875	0.005080000000000
1876	0.005080320000000
1877	0.005080640000000
1878	0.005080960000000
1879	0.005081280000000
1880	0.005081600000000
1881	0.005081920000000
1882	0.005082240000000
1883	0.005082560000000
1884	0.005082880000000
1885	0.005083200000000
1886	0.005083520000000
1887	0.005083840000000
1888	0.005084160000000
1889	0.005084480000000
1890	0.005084800000000
1891	0.005085120000000
1892	0.005085440000000
1893	0.005085760000000
1894	0.005086080000000
1895	0.005086400000000
1896	0.005086720000000
1897	0.005087040000000
1898	0.005087360000000
1899	0.005087680000000
1900	0.005088000000000
1901	0.005088160000000
1902	0.005088320000000
1903	0.005088480000000
1904	0.005088640000000
1905	0.005088800000000
1906	0.005088960000000
1907	0.005089120000000
1908	0.005089280000000
1909	0.005089440000000
1910	0.005089600000000
1911	0.005089760000000
1912	0.005089920000000
1913	0.005090080000000
1914	0.005090240000000
1915	0.005090400000000
1916	0.005090560000000
1917	0.005090720000000
1918	0.005090880000000
1919	0.005091040000000
1920	0.005091200000000
1921	0.005091360000000
1922	0.005091520000000
1923	0.005091680000000
1924	0.005091840000000
1925	0.005092000000000
1926	0.005092160000000
1927	0.005092320000000
1928	0.005092480000000
1929	0.005092640000000
1930	0.005092800000000
1931	0.005092960000000
1932	0.005093120000000
1933	0.005093280000000
1934	0.005093440000000
1935	0.005093600000000
1936	0.005093760000000
1937	0.005093920000000
1938	0.005094080000000
1939	0.005094240000000
1940	0.005094400000000
1941	0.005094560000000
1942	0.005094720000000
1943	0.005094880000000
1944	0.005095040000000
1945	0.005095200000000
1946	0.005095360000000
1947	0.005095520000000
1948	0.005095680000000
1949	0.005095840000000
1950	0.005096000000000
1951	0.005096160000000
1952	0.005096320000000
1953	0.005096480000000
1954	0.005096640000000
1955	0.005096800000000
1956	0.005096960000000
1957	0.005097120000000
1958	0.005097280000000
1959	0.005097440000000
1960	0.005097600000000
1961	0.005097760000000
1962	0.005097920000000
1963	0.005098080000000
1964	0.005098240000000
1965	0.005098400000000
1966	0.005098560000000
1967	0.005098720000000
1968	0.005098880000000
1969	0.005099040000000
1970	0.005099200000000
1971	0.005099360000000
1972	0.005099520000000
1973	0.005099680000000
1974	0.005099840000000
1975	0.005100000000000
1976	0.005100160000000
1977	0.005100320000000
1978	0.005100480000000
1979	0.005100640000000
1980	0.005100800000000
1981	0.005100960000000
1982	0.005101120000000
1983	0.005101280000000
1984	0.005101440000000
1985	0.005101600000000
1986	0.005101760000000
1987	0.005101920000000
1988	0.005102080000000
1989	0.005102240000000
1990	0.005102400000000
1991	0.005102560000000
1992	0.005102720000000
1993	0.005102880000000
1994	0.005103040000000
1995	0.005103200000000
1996	0.005103360000000
1997	0.005103520000000
1998	0.005103680000000
1999	0.005103840000000
2000	0.005104000000000
2001	0.005104080000000
2002	0.005104160000000
2003	0.005104240000000
2004	0.005104320000000
2005	0.005104400000000
2006	0.005104480000000
2007	0.005104560000000
2008	0.005104640000000
2009	0.005104720000000
2010	0.005104800000000
2011	0.005104880000000
2012	0.005104960000000
2013	0.005105040000000
2014	0.005105120000000
2015	0.005105200000000
2016	0.005105280000000
2017	0.005105360000000
2018	0.005105440000000
2019	0.005105520000000
2020	0.005105600000000
2021	0.005105680000000
2022	0.005105760000000
2023	0.005105840000000
2024	0.005105920000000
2025	0.005106000000000
2026	0.005106080000000
2027	0.005106160000000
2028	0.005106240000000
2029	0.005106320000000
2030	0.005106400000000
2031	0.005106480000000
2032	0.005106560000000
2033	0.005106640000000
2034	0.005106720000000
2035	0.005106800000000
2036	0.005106880000000
2037	0.005106960000000
2038	0.005107040000000
2039	0.005107120000000
2040	0.005107200000000
2041	0.005107280000000
2042	0.005107360000000
2043	0.005107440000000
2044	0.005107520000000
2045	0.005107600000000
2046	0.005107680000000
2047	0.005107760000000
2048	0.005107840000000
2049	0.005107920000000
2050	0.005108000000000
2051	0.005108080000000
2052	0.005108160000000
2053	0.005108240000000
2054	0.005108320000000
2055	0.005108400000000
2056	0.005108480000000
2057	0.005108560000000
2058	0.005108640000000
2059	0.005108720000000
2060	0.005108800000000
2061	0.005108880000000
2062	0.005108960000000
2063	0.005109040000000
2064	0.005109120000000
2065	0.005109200000000
2066	0.005109280000000
2067	0.005109360000000
2068	0.005109440000000
2069	0.005109520000000
2070	0.005109600000000
2071	0.005109680000000
2072	0.005109760000000
2073	0.005109840000000
2074	0.005109920000000
2075	0.005110000000000
2076	0.005110080000000
2077	0.005110160000000
2078	0.005110240000000
2079	0.005110320000000
2080	0.005110400000000
2081	0.005110480000000
2082	0.005110560000000
2083	0.005110640000000
2084	0.005110720000000
2085	0.005110800000000
2086	0.005110880000000
2087	0.005110960000000
2088	0.005111040000000
2089	0.005111120000000
2090	0.005111200000000
2091	0.005111280000000
2092	0.005111360000000
2093	0.005111440000000
2094	0.005111520000000
2095	0.005111600000000
2096	0.005111680000000
2097	0.005111760000000
2098	0.005111840000000
2099	0.005111920000000
2100	0.005112000000000
2101	0.005112040000000
2102	0.005112080000000
2103	0.005112120000000
2104	0.005112160000000
2105	0.005112200000000
2106	0.005112240000000
2107	0.005112280000000
2108	0.005112320000000
2109	0.005112360000000
2110	0.005112400000000
2111	0.005112440000000
2112	0.005112480000000
2113	0.005112520000000
2114	0.005112560000000
2115	0.005112600000000
2116	0.005112640000000
2117	0.005112680000000
2118	0.005112720000000
2119	0.005112760000000
2120	0.005112800000000
2121	0.005112840000000
2122	0.005112880000000
2123	0.005112920000000
2124	0.005112960000000
2125	0.005113000000000
2126	0.005113040000000
2127	0.005113080000000
2128	0.005113120000000
2129	0.005113160000000
2130	0.005113200000000
2131	0.005113240000000
2132	0.005113280000000
2133	0.005113320000000
2134	0.005113360000000
2135	0.005113400000000
2136	0.005113440000000
2137	0.005113480000000
2138	0.005113520000000
2139	0.005113560000000
2140	0.005113600000000
2141	0.005113640000000
2142	0.005113680000000
2143	0.005113720000000
2144	0.005113760000000
2145	0.005113800000000
2146	0.005113840000000
2147	0.005113880000000
2148	0.005113920000000
2149	0.005113960000000
2150	0.005114000000000
2151	0.005114040000000
2152	0.005114080000000
2153	0.005114120000000
2154	0.005114160000000
2155	0.005114200000000
2156	0.005114240000000
2157	0.005114280000000
2158	0.005114320000000
2159	0.005114360000000
2160	0.005114400000000
2161	0.005114440000000
2162	0.005114480000000
2163	0.005114520000000
2164	0.005114560000000
2165	0.005114600000000
2166	0.005114640000000
2167	0.005114680000000
2168	0.005114720000000
2169	0.005114760000000
2170	0.005114800000000
2171	0.005114840000000
2172	0.005114880000000
2173	0.005114920000000
2174	0.005114960000000
2175	0.005115000000000
2176	0.005115040000000
2177	0.005115080000000
2178	0.005115120000000
2179	0.005115160000000
2180	0.005115200000000
2181	0.005115240000000
2182	0.005115280000000
2183	0.005115320000000
2184	0.005115360000000
2185	0.005115400000000
2186	0.005115440000000
2187	0.005115480000000
2188	0.005115520000000
2189	0.005115560000000
2190	0.005115600000000
2191	0.005115640000000
2192	0.005115680000000
2193	0.005115720000000
2194	0.005115760000000
2195	0.005115800000000
2196	0.005115840000000
2197	0.005115880000000
2198	0.005115920000000
2199	0.005115960000000
2200	0.005116000000000
2201	0.005116020000000
2202	0.005116040000000
2203	0.005116060000000
2204	0.005116080000000
2205	0.005116100000000
2206	0.005116120000000
2207	0.005116140000000
2208	0.005116160000000
2209	0.005116180000000
2210	0.005116200000000
2211	0.005116220000000
2212	0.005116240000000
2213	0.005116260000000
2214	0.005116280000000
2215	0.005116300000000
2216	0.005116320000000
2217	0.005116340000000
2218	0.005116360000000
2219	0.005116380000000
2220	0.005116400000000
2221	0.005116420000000
2222	0.005116440000000
2223	0.005116460000000
2224	0.005116480000000
2225	0.005116500000000
2226	0.005116520000000
2227	0.005116540000000
2228	0.005116560000000
2229	0.005116580000000
2230	0.005116600000000
2231	0.005116620000000
2232	0.005116640000000
2233	0.005116660000000
2234	0.005116680000000
2235	0.005116700000000
2236	0.005116720000000
2237	0.005116740000000
2238	0.005116760000000
2239	0.005116780000000
2240	0.005116800000000
2241	0.005116820000000
2242	0.005116840000000
2243	0.005116860000000
2244	0.005116880000000
2245	0.005116900000000
2246	0.005116920000000
2247	0.005116940000000
2248	0.005116960000000
2249	0.005116980000000
2250	0.005117000000000
2251	0.005117020000000
2252	0.005117040000000
2253	0.005117060000000
2254	0.005117080000000
2255	0.005117100000000
2256	0.005117120000000
2257	0.005117140000000
2258	0.005117160000000
2259	0.005117180000000
2260	0.005117200000000
2261	0.005117220000000
2262	0.005117240000000
2263	0.005117260000000
2264	0.005117280000000
2265	0.005117300000000
2266	0.005117320000000
2267	0.005117340000000
2268	0.005117360000000
2269	0.005117380000000
2270	0.005117400000000
2271	0.005117420000000
2272	0.005117440000000
2273	0.005117460000000
2274	0.005117480000000
2275	0.005117500000000
2276	0.005117520000000
2277	0.005117540000000
2278	0.005117560000000
2279	0.005117580000000
2280	0.005117600000000
2281	0.005117620000000
2282	0.005117640000000
2283	0.005117660000000
2284	0.005117680000000
2285	0.005117700000000
2286	0.005117720000000
2287	0.005117740000000
2288	0.005117760000000
2289	0.005117780000000
2290	0.005117800000000
2291	0.005117820000000
2292	0.005117840000000
2293	0.005117860000000
2294	0.005117880000000
2295	0.005117900000000
2296	0.005117920000000
2297	0.005117940000000
2298	0.005117960000000
2299	0.005117980000000
2300	0.005118000000000
2301	0.005118010000000
2302	0.005118020000000
2303	0.005118030000000
2304	0.005118040000000
2305	0.005118050000000
2306	0.005118060000000
2307	0.005118070000000
2308	0.005118080000000
2309	0.005118090000000
2310	0.005118100000000
2311	0.005118110000000
2312	0.005118120000000
2313	0.005118130000000
2314	0.005118140000000
2315	0.005118150000000
2316	0.005118160000000
2317	0.005118170000000
2318	0.005118180000000
2319	0.005118190000000
2320	0.005118200000000
2321	0.005118210000000
2322	0.005118220000000
2323	0.005118230000000
2324	0.005118240000000
2325	0.005118250000000
2326	0.005118260000000
2327	0.005118270000000
2328	0.005118280000000
2329	0.005118290000000
2330	0.005118300000000
2331	0.005118310000000
2332	0.005118320000000
2333	0.005118330000000
2334	0.005118340000000
2335	0.005118350000000
2336	0.005118360000000
2337	0.005118370000000
2338	0.005118380000000
2339	0.005118390000000
2340	0.005118400000000
2341	0.005118410000000
2342	0.005118420000000
2343	0.005118430000000
2344	0.005118440000000
2345	0.005118450000000
2346	0.005118460000000
2347	0.005118470000000
2348	0.005118480000000
2349	0.005118490000000
2350	0.005118500000000
2351	0.005118510000000
2352	0.005118520000000
2353	0.005118530000000
2354	0.005118540000000
2355	0.005118550000000
2356	0.005118560000000
2357	0.005118570000000
2358	0.005118580000000
2359	0.005118590000000
2360	0.005118600000000
2361	0.005118610000000
2362	0.005118620000000
2363	0.005118630000000
2364	0.005118640000000
2365	0.005118650000000
2366	0.005118660000000
2367	0.005118670000000
2368	0.005118680000000
2369	0.005118690000000
2370	0.005118700000000
2371	0.005118710000000
2372	0.005118720000000
2373	0.005118730000000
2374	0.005118740000000
2375	0.005118750000000
2376	0.005118760000000
2377	0.005118770000000
2378	0.005118780000000
2379	0.005118790000000
2380	0.005118800000000
2381	0.005118810000000
2382	0.005118820000000
2383	0.005118830000000
2384	0.005118840000000
2385	0.005118850000000
2386	0.005118860000000
2387	0.005118870000000
2388	0.005118880000000
2389	0.005118890000000
2390	0.005118900000000
2391	0.005118910000000
2392	0.005118920000000
2393	0.005118930000000
2394	0.005118940000000
2395	0.005118950000000
2396	0.005118960000000
2397	0.005118970000000
2398	0.005118980000000
2399	0.005118990000000
2400	0.005119000000000
2401	0.005119010000000
2402	0.005119020000000
2403	0.005119030000000
2404	0.005119040000000
2405	0.005119050000000
2406	0.005119060000000
2407	0.005119070000000
2408	0.005119080000000
2409	0.005119090000000
2410	0.005119100000000
2411	0.005119110000000
2412	0.005119120000000
2413	0.005119130000000
2414	0.005119140000000
2415	0.005119150000000
2416	0.005119160000000
2417	0.005119170000000
2418	0.005119180000000
2419	0.005119190000000
2420	0.005119200000000
2421	0.005119210000000
2422	0.005119220000000
2423	0.005119230000000
2424	0.005119240000000
2425	0.005119250000000
2426	0.005119260000000
2427	0.005119270000000
2428	0.005119280000000
2429	0.005119290000000
2430	0.005119300000000
2431	0.005119310000000
2432	0.005119320000000
2433	0.005119330000000
2434	0.005119340000000
2435	0.005119350000000
2436	0.005119360000000
2437	0.005119370000000
2438	0.005119380000000
2439	0.005119390000000
2440	0.005119400000000
2441	0.005119410000000
2442	0.005119420000000
2443	0.005119430000000
2444	0.005119440000000
2445	0.005119450000000
2446	0.005119460000000
2447	0.005119470000000
2448	0.005119480000000
2449	0.005119490000000
2450	0.005119500000000
2451	0.005119510000000
2452	0.005119520000000
2453	0.005119530000000
2454	0.005119540000000
2455	0.005119550000000
2456	0.005119560000000
2457	0.005119570000000
2458	0.005119580000000
2459	0.005119590000000
2460	0.005119600000000
2461	0.005119610000000
2462	0.005119620000000
2463	0.005119630000000
2464	0.005119640000000
2465	0.005119650000000
2466	0.005119660000000
2467	0.005119670000000
2468	0.005119680000000
2469	0.005119690000000
2470	0.005119700000000
2471	0.005119710000000
2472	0.005119720000000
2473	0.005119730000000
2474	0.005119740000000
2475	0.005119750000000
2476	0.005119760000000
2477	0.005119770000000
2478	0.005119780000000
2479	0.005119790000000
2480	0.005119800000000
2481	0.005119810000000
2482	0.005119820000000
2483	0.005119830000000
2484	0.005119840000000
2485	0.005119850000000
2486	0.005119860000000
2487	0.005119870000000
2488	0.005119880000000
2489	0.005119890000000
2490	0.005119900000000
2491	0.005119910000000
2492	0.005119920000000
2493	0.005119930000000
2494	0.005119940000000
2495	0.005119950000000
2496	0.005119960000000
2497	0.005119970000000
2498	0.005119980000000
2499	0.005119990000000
2500	0.005120000000000
2501	0.005120020000000
2502	0.005120040000000
2503	0.005120060000000
2504	0.005120080000000
2505	0.005120100000000
2506	0.005120120000000
2507	0.005120140000000
2508	0.005120160000000
2509	0.005120180000000
2510	0.005120200000000
2511	0.005120220000000
2512	0.005120240000000
2513	0.005120260000000
2514	0.005120280000000
2515	0.005120300000000
2516	0.005120320000000
2517	0.005120340000000
2518	0.005120360000000
2519	0.005120380000000
2520	0.005120400000000
2521	0.005120420000000
2522	0.005120440000000
2523	0.005120460000000
2524	0.005120480000000
2525	0.005120500000000
2526	0.005120520000000
2527	0.005120540000000
2528	0.005120560000000
2529	0.005120580000000
2530	0.005120600000000
2531	0.005120620000000
2532	0.005120640000000
2533	0.005120660000000
2534	0.005120680000000
2535	0.005120700000000
2536	0.005120720000000
2537	0.005120740000000
2538	0.005120760000000
2539	0.005120780000000
2540	0.005120800000000
2541	0.005120820000000
2542	0.005120840000000
2543	0.005120860000000
2544	0.005120880000000
2545	0.005120900000000
2546	0.005120920000000
2547	0.005120940000000
2548	0.005120960000000
2549	0.005120980000000
2550	0.005121000000000
2551	0.005121020000000
2552	0.005121040000000
2553	0.005121060000000
2554	0.005121080000000
2555	0.005121100000000
2556	0.005121120000000
2557	0.005121140000000
2558	0.005121160000000
2559	0.005121180000000
2560	0.005121200000000
2561	0.005121220000000
2562	0.005121240000000
2563	0.005121260000000
2564	0.005121280000000
2565	0.005121300000000
2566	0.005121320000000
2567	0.005121340000000
2568	0.005121360000000
2569	0.005121380000000
2570	0.005121400000000
2571	0.005121420000000
2572	0.005121440000000
2573	0.005121460000000
2574	0.005121480000000
2575	0.005121500000000
2576	0.005121520000000
2577	0.005121540000000
2578	0.005121560000000
2579	0.005121580000000
2580	0.005121600000000
2581	0.005121620000000
2582	0.005121640000000
2583	0.005121660000000
2584	0.005121680000000
2585	0.005121700000000
2586	0.005121720000000
2587	0.005121740000000
2588	0.005121760000000
2589	0.005121780000000
2590	0.005121800000000
2591	0.005121820000000
2592	0.005121840000000
2593	0.005121860000000
2594	0.005121880000000
2595	0.005121900000000
2596	0.005121920000000
2597	0.005121940000000
2598	0.005121960000000
2599	0.005121980000000
2600	0.005122000000000
2601	0.005122040000000
2602	0.005122080000000
2603	0.005122120000000
2604	0.005122160000000
2605	0.005122200000000
2606	0.005122240000000
2607	0.005122280000000
2608	0.005122320000000
2609	0.005122360000000
2610	0.005122400000000
2611	0.005122440000000
2612	0.005122480000000
2613	0.005122520000000
2614	0.005122560000000
2615	0.005122600000000
2616	0.005122640000000
2617	0.005122680000000
2618	0.005122720000000
2619	0.005122760000000
2620	0.005122800000000
2621	0.005122840000000
2622	0.005122880000000
2623	0.005122920000000
2624	0.005122960000000
2625	0.005123000000000
2626	0.005123040000000
2627	0.005123080000000
2628	0.005123120000000
2629	0.005123160000000
2630	0.005123200000000
2631	0.005123240000000
2632	0.005123280000000
2633	0.005123320000000
2634	0.005123360000000
2635	0.005123400000000
2636	0.005123440000000
2637	0.005123480000000
2638	0.005123520000000
2639	0.005123560000000
2640	0.005123600000000
2641	0.005123640000000
2642	0.005123680000000
2643	0.005123720000000
2644	0.005123760000000
2645	0.005123800000000
2646	0.005123840000000
2647	0.005123880000000
2648	0.005123920000000
2649	0.005123960000000
2650	0.005124000000000
2651	0.005124040000000
2652	0.005124080000000
2653	0.005124120000000
2654	0.005124160000000
2655	0.005124200000000
2656	0.005124240000000
2657	0.005124280000000
2658	0.005124320000000
2659	0.005124360000000
2660	0.005124400000000
2661	0.005124440000000
2662	0.005124480000000
2663	0.005124520000000
2664	0.005124560000000
2665	0.005124600000000
2666	0.005124640000000
2667	0.005124680000000
2668	0.005124720000000
2669	0.005124760000000
2670	0.005124800000000
2671	0.005124840000000
2672	0.005124880000000
2673	0.005124920000000
2674	0.005124960000000
2675	0.005125000000000
2676	0.005125040000000
2677	0.005125080000000
2678	0.005125120000000
2679	0.005125160000000
2680	0.005125200000000
2681	0.005125240000000
2682	0.005125280000000
2683	0.005125320000000
2684	0.005125360000000
2685	0.005125400000000
2686	0.005125440000000
2687	0.005125480000000
2688	0.005125520000000
2689	0.005125560000000
2690	0.005125600000000
2691	0.005125640000000
2692	0.005125680000000
2693	0.005125720000000
2694	0.005125760000000
2695	0.005125800000000
2696	0.005125840000000
2697	0.005125880000000
2698	0.005125920000000
2699	0.005125960000000
2700	0.005126000000000
2701	0.005126080000000
2702	0.005126160000000
2703	0.005126240000000
2704	0.005126320000000
2705	0.005126400000000
2706	0.005126480000000
2707	0.005126560000000
2708	0.005126640000000
2709	0.005126720000000
2710	0.005126800000000
2711	0.005126880000000
2712	0.005126960000000
2713	0.005127040000000
2714	0.005127120000000
2715	0.005127200000000
2716	0.005127280000000
2717	0.005127360000000
2718	0.005127440000000
2719	0.005127520000000
2720	0.005127600000000
2721	0.005127680000000
2722	0.005127760000000
2723	0.005127840000000
2724	0.005127920000000
2725	0.005128000000000
2726	0.005128080000000
2727	0.005128160000000
2728	0.005128240000000
2729	0.005128320000000
2730	0.005128400000000
2731	0.005128480000000
2732	0.005128560000000
2733	0.005128640000000
2734	0.005128720000000
2735	0.005128800000000
2736	0.005128880000000
2737	0.005128960000000
2738	0.005129040000000
2739	0.005129120000000
2740	0.005129200000000
2741	0.005129280000000
2742	0.005129360000000
2743	0.005129440000000
2744	0.005129520000000
2745	0.005129600000000
2746	0.005129680000000
2747	0.005129760000000
2748	0.005129840000000
2749	0.005129920000000
2750	0.005130000000000
2751	0.005130080000000
2752	0.005130160000000
2753	0.005130240000000
2754	0.005130320000000
2755	0.005130400000000
2756	0.005130480000000
2757	0.005130560000000
2758	0.005130640000000
2759	0.005130720000000
2760	0.005130800000000
2761	0.005130880000000
2762	0.005130960000000
2763	0.005131040000000
2764	0.005131120000000
2765	0.005131200000000
2766	0.005131280000000
2767	0.005131360000000
2768	0.005131440000000
2769	0.005131520000000
2770	0.005131600000000
2771	0.005131680000000
2772	0.005131760000000
2773	0.005131840000000
2774	0.005131920000000
2775	0.005132000000000
2776	0.005132080000000
2777	0.005132160000000
2778	0.005132240000000
2779	0.005132320000000
2780	0.005132400000000
2781	0.005132480000000
2782	0.005132560000000
2783	0.005132640000000
2784	0.005132720000000
2785	0.005132800000000
2786	0.005132880000000
2787	0.005132960000000
2788	0.005133040000000
2789	0.005133120000000
2790	0.005133200000000
2791	0.005133280000000
2792	0.005133360000000
2793	0.005133440000000
2794	0.005133520000000
2795	0.005133600000000
2796	0.005133680000000
2797	0.005133760000000
2798	0.005133840000000
2799	0.005133920000000
2800	0.005134000000000
2801	0.005134160000000
2802	0.005134320000000
2803	0.005134480000000
2804	0.005134640000000
2805	0.005134800000000
2806	0.005134960000000
2807	0.005135120000000
2808	0.005135280000000
2809	0.005135440000000
2810	0.005135600000000
2811	0.005135760000000
2812	0.005135920000000
2813	0.005136080000000
2814	0.005136240000000
2815	0.005136400000000
2816	0.005136560000000
2817	0.005136720000000
2818	0.005136880000000
2819	0.005137040000000
2820	0.005137200000000
2821	0.005137360000000
2822	0.005137520000000
2823	0.005137680000000
2824	0.005137840000000
2825	0.005138000000000
2826	0.005138160000000
2827	0.005138320000000
2828	0.005138480000000
2829	0.005138640000000
2830	0.005138800000000
2831	0.005138960000000
2832	0.005139120000000
2833	0.005139280000000
2834	0.005139440000000
2835	0.005139600000000
2836	0.005139760000000
2837	0.005139920000000
2838	0.005140080000000
2839	0.005140240000000
2840	0.005140400000000
2841	0.005140560000000
2842	0.005140720000000
2843	0.005140880000000
2844	0.005141040000000
2845	0.005141200000000
2846	0.005141360000000
2847	0.005141520000000
2848	0.005141680000000
2849	0.005141840000000
2850	0.005142000000000
2851	0.005142160000000
2852	0.005142320000000
2853	0.005142480000000
2854	0.005142640000000
2855	0.005142800000000
2856	0.005142960000000
2857	0.005143120000000
2858	0.005143280000000
2859	0.005143440000000
2860	0.005143600000000
2861	0.005143760000000
2862	0.005143920000000
2863	0.005144080000000
2864	0.005144240000000
2865	0.005144400000000
2866	0.005144560000000
2867	0.005144720000000
2868	0.005144880000000
2869	0.005145040000000
2870	0.005145200000000
2871	0.005145360000000
2872	0.005145520000000
2873	0.005145680000000
2874	0.005145840000000
2875	0.005146000000000
2876	0.005146160000000
2877	0.005146320000000
2878	0.005146480000000
2879	0.005146640000000
2880	0.005146800000000
2881	0.005146960000000
2882	0.005147120000000
2883	0.005147280000000
2884	0.005147440000000
2885	0.005147600000000
2886	0.005147760000000
2887	0.005147920000000
2888	0.005148080000000
2889	0.005148240000000
2890	0.005148400000000
2891	0.005148560000000
2892	0.005148720000000
2893	0.005148880000000
2894	0.005149040000000
2895	0.005149200000000
2896	0.005149360000000
2897	0.005149520000000
2898	0.005149680000000
2899	0.005149840000000
2900	0.005150000000000
2901	0.005150320000000
2902	0.005150640000000
2903	0.005150960000000
2904	0.005151280000000
2905	0.005151600000000
2906	0.005151920000000
2907	0.005152240000000
2908	0.005152560000000
2909	0.005152880000000
2910	0.005153200000000
2911	0.005153520000000
2912	0.005153840000000
2913	0.005154160000000
2914	0.005154480000000
2915	0.005154800000000
2916	0.005155120000000
2917	0.005155440000000
2918	0.005155760000000
2919	0.005156080000000
2920	0.005156400000000
2921	0.005156720000000
2922	0.005157040000000
2923	0.005157360000000
2924	0.005157680000000
2925	0.005158000000000
2926	0.005158320000000
2927	0.005158640000000
2928	0.005158960000000
2929	0.005159280000000
2930	0.005159600000000
2931	0.005159920000000
2932	0.005160240000000
2933	0.005160560000000
2934	0.005160880000000
2935	0.005161200000000
2936	0.005161520000000
2937	0.005161840000000
2938	0.005162160000000
2939	0.005162480000000
2940	0.005162800000000
2941	0.005163120000000
2942	0.005163440000000
2943	0.005163760000000
2944	0.005164080000000
2945	0.005164400000000
2946	0.005164720000000
2947	0.005165040000000
2948	0.005165360000000
2949	0.005165680000000
2950	0.005166000000000
2951	0.005166320000000
2952	0.005166640000000
2953	0.005166960000000
2954	0.005167280000000
2955	0.005167600000000
2956	0.005167920000000
2957	0.005168240000000
2958	0.005168560000000
2959	0.005168880000000
2960	0.005169200000000
2961	0.005169520000000
2962	0.005169840000000
2963	0.005170160000000
2964	0.005170480000000
2965	0.005170800000000
2966	0.005171120000000
2967	0.005171440000000
2968	0.005171760000000
2969	0.005172080000000
2970	0.005172400000000
2971	0.005172720000000
2972	0.005173040000000
2973	0.005173360000000
2974	0.005173680000000
2975	0.005174000000000
2976	0.005174320000000
2977	0.005174640000000
2978	0.005174960000000
2979	0.005175280000000
2980	0.005175600000000
2981	0.005175920000000
2982	0.005176240000000
2983	0.005176560000000
2984	0.005176880000000
2985	0.005177200000000
2986	0.005177520000000
2987	0.005177840000000
2988	0.005178160000000
2989	0.005178480000000
2990	0.005178800000000
2991	0.005179120000000
2992	0.005179440000000
2993	0.005179760000000
2994	0.005180080000000
2995	0.005180400000000
2996	0.005180720000000
2997	0.005181040000000
2998	0.005181360000000
2999	0.005181680000000
3000	0.005182000000000
3001	0.005182640000000
3002	0.005183280000000
3003	0.005183920000000
3004	0.005184560000000
3005	0.005185200000000
3006	0.005185840000000
3007	0.005186480000000
3008	0.005187120000000
3009	0.005187760000000
3010	0.005188400000000
3011	0.005189040000000
3012	0.005189680000000
3013	0.005190320000000
3014	0.005190960000000
3015	0.005191600000000
3016	0.005192240000000
3017	0.005192880000000
3018	0.005193520000000
3019	0.005194160000000
3020	0.005194800000000
3021	0.005195440000000
3022	0.005196080000000
3023	0.005196720000000
3024	0.005197360000000
3025	0.005198000000000
3026	0.005198640000000
3027	0.005199280000000
3028	0.005199920000000
3029	0.005200560000000
3030	0.005201200000000
3031	0.005201840000000
3032	0.005202480000000
3033	0.005203120000000
3034	0.005203760000000
3035	0.005204400000000
3036	0.005205040000000
3037	0.005205680000000
3038	0.005206320000000
3039	0.005206960000000
3040	0.005207600000000
3041	0.005208240000000
3042	0.005208880000000
3043	0.005209520000000
3044	0.005210160000000
3045	0.005210800000000
3046	0.005211440000000
3047	0.005212080000000
3048	0.005212720000000
3049	0.005213360000000
3050	0.005214000000000
3051	0.005214640000000
3052	0.005215280000000
3053	0.005215920000000
3054	0.005216560000000
3055	0.005217200000000
3056	0.005217840000000
3057	0.005218480000000
3058	0.005219120000000
3059	0.005219760000000
3060	0.005220400000000
3061	0.005221040000000
3062	0.005221680000000
3063	0.005222320000000
3064	0.005222960000000
3065	0.005223600000000
3066	0.005224240000000
3067	0.005224880000000
3068	0.005225520000000
3069	0.005226160000000
3070	0.005226800000000
3071	0.005227440000000
3072	0.005228080000000
3073	0.005228720000000
3074	0.005229360000000
3075	0.005230000000000
3076	0.005230640000000
3077	0.005231280000000
3078	0.005231920000000
3079	0.005232560000000
3080	0.005233200000000
3081	0.005233840000000
3082	0.005234480000000
3083	0.005235120000000
3084	0.005235760000000
3085	0.005236400000000
3086	0.005237040000000
3087	0.005237680000000
3088	0.005238320000000
3089	0.005238960000000
3090	0.005239600000000
3091	0.005240240000000
3092	0.005240880000000
3093	0.005241520000000
3094	0.005242160000000
3095	0.005242800000000
3096	0.005243440000000
3097	0.005244080000000
3098	0.005244720000000
3099	0.005245360000000
3100	0.005246000000000
3101	0.005247280000000
3102	0.005248560000000
3103	0.005249840000000
3104	0.005251120000000
3105	0.005252400000000
3106	0.005253680000000
3107	0.005254960000000
3108	0.005256240000000
3109	0.005257520000000
3110	0.005258800000000
3111	0.005260080000000
3112	0.005261360000000
3113	0.005262640000000
3114	0.005263920000000
3115	0.005265200000000
3116	0.005266480000000
3117	0.005267760000000
3118	0.005269040000000
3119	0.005270320000000
3120	0.005271600000000
3121	0.005272880000000
3122	0.005274160000000
3123	0.005275440000000
3124	0.005276720000000
3125	0.005278000000000
3126	0.005279280000000
3127	0.005280560000000
3128	0.005281840000000
3129	0.005283120000000
3130	0.005284400000000
3131	0.005285680000000
3132	0.005286960000000
3133	0.005288240000000
3134	0.005289520000000
3135	0.005290800000000
3136	0.005292080000000
3137	0.005293360000000
3138	0.005294640000000
3139	0.005295920000000
3140	0.005297200000000
3141	0.005298480000000
3142	0.005299760000000
3143	0.005301040000000
3144	0.005302320000000
3145	0.005303600000000
3146	0.005304880000000
3147	0.005306160000000
3148	0.005307440000000
3149	0.005308720000000
3150	0.005310000000000
3151	0.005311280000000
3152	0.005312560000000
3153	0.005313840000000
3154	0.005315120000000
3155	0.005316400000000
3156	0.005317680000000
3157	0.005318960000000
3158	0.005320240000000
3159	0.005321520000000
3160	0.005322800000000
3161	0.005324080000000
3162	0.005325360000000
3163	0.005326640000000
3164	0.005327920000000
3165	0.005329200000000
3166	0.005330480000000
3167	0.005331760000000
3168	0.005333040000000
3169	0.005334320000000
3170	0.005335600000000
3171	0.005336880000000
3172	0.005338160000000
3173	0.005339440000000
3174	0.005340720000000
3175	0.005342000000000
3176	0.005343280000000
3177	0.005344560000000
3178	0.005345840000000
3179	0.005347120000000
3180	0.005348400000000
3181	0.005349680000000
3182	0.005350960000000
3183	0.005352240000000
3184	0.005353520000000
3185	0.005354800000000
3186	0.005356080000000
3187	0.005357360000000
3188	0.005358640000000
3189	0.005359920000000
3190	0.005361200000000
3191	0.005362480000000
3192	0.005363760000000
3193	0.005365040000000
3194	0.005366320000000
3195	0.005367600000000
3196	0.005368880000000
3197	0.005370160000000
3198	0.005371440000000
3199	0.005372720000000
3200	0.005374000000000
3201	0.005376560000000
3202	0.005379120000000
3203	0.005381680000000
3204	0.005384240000000
3205	0.005386800000000
3206	0.005389360000000
3207	0.005391920000000
3208	0.005394480000000
3209	0.005397040000000
3210	0.005399600000000
3211	0.005402160000000
3212	0.005404720000000
3213	0.005407280000000
3214	0.005409840000000
3215	0.005412400000000
3216	0.005414960000000
3217	0.005417520000000
3218	0.005420080000000
3219	0.005422640000000
3220	0.005425200000000
3221	0.005427760000000
3222	0.005430320000000
3223	0.005432880000000
3224	0.005435440000000
3225	0.005438000000000
3226	0.005440560000000
3227	0.005443120000000
3228	0.005445680000000
3229	0.005448240000000
3230	0.005450800000000
3231	0.005453360000000
3232	0.005455920000000
3233	0.005458480000000
3234	0.005461040000000
3235	0.005463600000000
3236	0.005466160000000
3237	0.005468720000000
3238	0.005471280000000
3239	0.005473840000000
3240	0.005476400000000
3241	0.005478960000000
3242	0.005481520000000
3243	0.005484080000000
3244	0.005486640000000
3245	0.005489200000000
3246	0.005491760000000
3247	0.005494320000000
3248	0.005496880000000
3249	0.005499440000000
3250	0.005502000000000
3251	0.005504560000000
3252	0.005507120000000
3253	0.005509680000000
3254	0.005512240000000
3255	0.005514800000000
3256	0.005517360000000
3257	0.005519920000000
3258	0.005522480000000
3259	0.005525040000000
3260	0.005527600000000
3261	0.005530160000000
3262	0.005532720000000
3263	0.005535280000000
3264	0.005537840000000
3265	0.005540400000000
3266	0.005542960000000
3267	0.005545520000000
3268	0.005548080000000
3269	0.005550640000000
3270	0.005553200000000
3271	0.005555760000000
3272	0.005558320000000
3273	0.005560880000000
3274	0.005563440000000
3275	0.005566000000000
3276	0.005568560000000
3277	0.005571120000000
3278	0.005573680000000
3279	0.005576240000000
3280	0.005578800000000
3281	0.005581360000000
3282	0.005583920000000
3283	0.005586480000000
3284	0.005589040000000
3285	0.005591600000000
3286	0.005594160000000
3287	0.005596720000000
3288	0.005599280000000
3289	0.005601840000000
3290	0.005604400000000
3291	0.005606960000000
3292	0.005609520000000
3293	0.005612080000000
3294	0.005614640000000
3295	0.005617200000000
3296	0.005619760000000
3297	0.005622320000000
3298	0.005624880000000
3299	0.005627440000000
3300	0.005630000000000
3301	0.005635120000000
3302	0.005640240000000
3303	0.005645360000000
3304	0.005650480000000
3305	0.005655600000000
3306	0.005660720000000
3307	0.005665840000000
3308	0.005670960000000
3309	0.005676080000000
3310	0.005681200000000
3311	0.005686320000000
3312	0.005691440000000
3313	0.005696560000000
3314	0.005701680000000
3315	0.005706800000000
3316	0.005711920000000
3317	0.005717040000000
3318	0.005722160000000
3319	0.005727280000000
3320	0.005732400000000
3321	0.005737520000000
3322	0.005742640000000
3323	0.005747760000000
3324	0.005752880000000
3325	0.005758000000000
3326	0.005763120000000
3327	0.005768240000000
3328	0.005773360000000
3329	0.005778480000000
3330	0.005783600000000
3331	0.005788720000000
3332	0.005793840000000
3333	0.005798960000000
3334	0.005804080000000
3335	0.005809200000000
3336	0.005814320000000
3337	0.005819440000000
3338	0.005824560000000
3339	0.005829680000000
3340	0.005834800000000
3341	0.005839920000000
3342	0.005845040000000
3343	0.005850160000000
3344	0.005855280000000
3345	0.005860400000000
3346	0.005865520000000
3347	0.005870640000000
3348	0.005875760000000
3349	0.005880880000000
3350	0.005886000000000
3351	0.005891120000000
3352	0.005896240000000
3353	0.005901360000000
3354	0.005906480000000
3355	0.005911600000000
3356	0.005916720000000
3357	0.005921840000000
3358	0.005926960000000
3359	0.005932080000000
3360	0.005937200000000
3361	0.005942320000000
3362	0.005947440000000
3363	0.005952560000000
3364	0.005957680000000
3365	0.005962800000000
3366	0.005967920000000
3367	0.005973040000000
3368	0.005978160000000
3369	0.005983280000000
3370	0.005988400000000
3371	0.005993520000000
3372	0.005998640000000
3373	0.006003760000000
3374	0.006008880000000
3375	0.006014000000000
3376	0.006019120000000
3377	0.006024240000000
3378	0.006029360000000
3379	0.006034480000000
3380	0.006039600000000
3381	0.006044720000000
3382	0.006049840000000
3383	0.006054960000000
3384	0.006060080000000
3385	0.006065200000000
3386	0.006070320000000
3387	0.006075440000000
3388	0.006080560000000
3389	0.006085680000000
3390	0.006090800000000
3391	0.006095920000000
3392	0.006101040000000
3393	0.006106160000000
3394	0.006111280000000
3395	0.006116400000000
3396	0.006121520000000
3397	0.006126640000000
3398	0.006131760000000
3399	0.006136880000000
3400	0.006142000000000
3401	0.006152240000000
3402	0.006162480000000
3403	0.006172720000000
3404	0.006182960000000
3405	0.006193200000000
3406	0.006203440000000
3407	0.006213680000000
3408	0.006223920000000
3409	0.006234160000000
3410	0.006244400000000
3411	0.006254640000000
3412	0.006264880000000
3413	0.006275120000000
3414	0.006285360000000
3415	0.006295600000000
3416	0.006305840000000
3417	0.006316080000000
3418	0.006326320000000
3419	0.006336560000000
3420	0.006346800000000
3421	0.006357040000000
3422	0.006367280000000
3423	0.006377520000000
3424	0.006387760000000
3425	0.006398000000000
3426	0.006408240000000
3427	0.006418480000000
3428	0.006428720000000
3429	0.006438960000000
3430	0.006449200000000
3431	0.006459440000000
3432	0.006469680000000
3433	0.006479920000000
3434	0.006490160000000
3435	0.006500400000000
3436	0.006510640000000
3437	0.006520880000000
3438	0.006531120000000
3439	0.006541360000000
3440	0.006551600000000
3441	0.006561840000000
3442	0.006572080000000
3443	0.006582320000000
3444	0.006592560000000
3445	0.006602800000000
3446	0.006613040000000
3447	0.006623280000000
3448	0.006633520000000
3449	0.006643760000000
3450	0.006654000000000
3451	0.006664240000000
3452	0.006674480000000
3453	0.006684720000000
3454	0.006694960000000
3455	0.006705200000000
3456	0.006715440000000
3457	0.006725680000000
3458	0.006735920000000
3459	0.006746160000000
3460	0.006756400000000
3461	0.006766640000000
3462	0.006776880000000
3463	0.006787120000000
3464	0.006797360000000
3465	0.006807600000000
3466	0.006817840000000
3467	0.006828080000000
3468	0.006838320000000
3469	0.006848560000000
3470	0.006858800000000
3471	0.006869040000000
3472	0.006879280000000
3473	0.006889520000000
3474	0.006899760000000
3475	0.006910000000000
3476	0.006920240000000
3477	0.006930480000000
3478	0.006940720000000
3479	0.006950960000000
3480	0.006961200000000
3481	0.006971440000000
3482	0.006981680000000
3483	0.006991920000000
3484	0.007002160000000
3485	0.007012400000000
3486	0.007022640000000
3487	0.007032880000000
3488	0.007043120000000
3489	0.007053360000000
3490	0.007063600000000
3491	0.007073840000000
3492	0.007084080000000
3493	0.007094320000000
3494	0.007104560000000
3495	0.007114800000000
3496	0.007125040000000
3497	0.007135280000000
3498	0.007145520000000
3499	0.007155760000000
3500	0.007166000000000
3501	0.007186480000000
3502	0.007206960000000
3503	0.007227440000000
3504	0.007247920000000
3505	0.007268400000000
3506	0.007288880000000
3507	0.007309360000000
3508	0.007329840000000
3509	0.007350320000000
3510	0.007370800000000
3511	0.007391280000000
3512	0.007411760000000
3513	0.007432240000000
3514	0.007452720000000
3515	0.007473200000000
3516	0.007493680000000
3517	0.007514160000000
3518	0.007534640000000
3519	0.007555120000000
3520	0.007575600000000
3521	0.007596080000000
3522	0.007616560000000
3523	0.007637040000000
3524	0.007657520000000
3525	0.007678000000000
3526	0.007698480000000
3527	0.007718960000000
3528	0.007739440000000
3529	0.007759920000000
3530	0.007780400000000
3531	0.007800880000000
3532	0.007821360000000
3533	0.007841840000000
3534	0.007862320000000
3535	0.007882800000000
3536	0.007903280000000
3537	0.007923760000000
3538	0.007944240000000
3539	0.007964720000000
3540	0.007985200000000
3541	0.008005680000000
3542	0.008026160000000
3543	0.008046640000000
3544	0.008067120000000
3545	0.008087600000000
3546	0.008108080000000
3547	0.008128560000000
3548	0.008149040000000
3549	0.008169520000000
3550	0.008190000000000
3551	0.008210480000000
3552	0.008230960000000
3553	0.008251440000000
3554	0.008271920000000
3555	0.008292400000000
3556	0.008312880000000
3557	0.008333360000000
3558	0.008353840000000
3559	0.008374320000000
3560	0.008394800000000
3561	0.008415280000000
3562	0.008435760000000
3563	0.008456240000000
3564	0.008476720000000
3565	0.008497200000000
3566	0.008517680000000
3567	0.008538160000000
3568	0.008558640000000
3569	0.008579120000000
3570	0.008599600000000
3571	0.008620080000000
3572	0.008640560000000
3573	0.008661040000000
3574	0.008681520000000
3575	0.008702000000000
3576	0.008722480000000
3577	0.008742960000000
3578	0.008763440000000
3579	0.008783920000000
3580	0.008804400000000
3581	0.008824880000000
3582	0.008845360000000
3583	0.008865840000000
3584	0.008886320000000
3585	0.008906800000000
3586	0.008927280000000
3587	0.008947760000000
3588	0.008968240000000
3589	0.008988720000000
3590	0.009009200000000
3591	0.009029680000000
3592	0.009050160000000
3593	0.009070640000000
3594	0.009091120000000
3595	0.009111600000000
3596	0.009132080000000
3597	0.009152560000000
3598	0.009173040000000
3599	0.009193520000000
3600	0.009214000000000
3601	0.009254960000000
3602	0.009295920000000
3603	0.009336880000000
3604	0.009377840000000
3605	0.009418800000000
3606	0.009459760000000
3607	0.009500720000000
3608	0.009541680000000
3609	0.009582640000000
3610	0.009623600000000
3611	0.009664560000000
3612	0.009705520000000
3613	0.009746480000000
3614	0.009787440000000
3615	0.009828400000000
3616	0.009869360000000
3617	0.009910320000000
3618	0.009951280000000
3619	0.009992240000000
3620	0.010033200000000
3621	0.010074160000000
3622	0.010115120000000
3623	0.010156080000000
3624	0.010197040000000
3625	0.010238000000000
3626	0.010278960000000
3627	0.010319920000000
3628	0.010360880000000
3629	0.010401840000000
3630	0.010442800000000
3631	0.010483760000000
3632	0.010524720000000
3633	0.010565680000000
3634	0.010606640000000
3635	0.010647600000000
3636	0.010688560000000
3637	0.010729520000000
3638	0.010770480000000
3639	0.010811440000000
3640	0.010852400000000
3641	0.010893360000000
3642	0.010934320000000
3643	0.010975280000000
3644	0.011016240000000
3645	0.011057200000000
3646	0.011098160000000
3647	0.011139120000000
3648	0.011180080000000
3649	0.011221040000000
3650	0.011262000000000
3651	0.011302960000000
3652	0.011343920000000
3653	0.011384880000000
3654	0.011425840000000
3655	0.011466800000000
3656	0.011507760000000
3657	0.011548720000000
3658	0.011589680000000
3659	0.011630640000000
3660	0.011671600000000
3661	0.011712560000000
3662	0.011753520000000
3663	0.011794480000000
3664	0.011835440000000
3665	0.011876400000000
3666	0.011917360000000
3667	0.011958320000000
3668	0.011999280000000
3669	0.012040240000000
3670	0.012081200000000
3671	0.012122160000000
3672	0.012163120000000
3673	0.012204080000000
3674	0.012245040000000
3675	0.012286000000000
3676	0.012326960000000
3677	0.012367920000000
3678	0.012408880000000
3679	0.012449840000000
3680	0.012490800000000
3681	0.012531760000000
3682	0.012572720000000
3683	0.012613680000000
3684	0.012654640000000
3685	0.012695600000000
3686	0.012736560000000
3687	0.012777520000000
3688	0.012818480000000
3689	0.012859440000000
3690	0.012900400000000
3691	0.012941360000000
3692	0.012982320000000
3693	0.013023280000000
3694	0.013064240000000
3695	0.013105200000000
3696	0.013146160000000
3697	0.013187120000000
3698	0.013228080000000
3699	0.013269040000000
3700	0.013310000000000
3701	0.013391920000000
3702	0.013473840000000
3703	0.013555760000000
3704	0.013637680000000
3705	0.013719600000000
3706	0.013801520000000
3707	0.013883440000000
3708	0.013965360000000
3709	0.014047280000000
3710	0.014129200000000
3711	0.014211120000000
3712	0.014293040000000
3713	0.014374960000000
3714	0.014456880000000
3715	0.014538800000000
3716	0.014620720000000
3717	0.014702640000000
3718	0.014784560000000
3719	0.014866480000000
3720	0.014948400000000
3721	0.015030320000000
3722	0.015112240000000
3723	0.015194160000000
3724	0.015276080000000
3725	0.015358000000000
3726	0.015439920000000
3727	0.015521840000000
3728	0.015603760000000
3729	0.015685680000000
3730	0.015767600000000
3731	0.015849520000000
3732	0.015931440000000
3733	0.016013360000000
3734	0.016095280000000
3735	0.016177200000000
3736	0.016259120000000
3737	0.016341040000000
3738	0.016422960000000
3739	0.016504880000000
3740	0.016586800000000
3741	0.016668720000000
3742	0.016750640000000
3743	0.016832560000000
3744	0.016914480000000
3745	0.016996400000000
3746	0.017078320000000
3747	0.017160240000000
3748	0.017242160000000
3749	0.017324080000000
3750	0.017406000000000
3751	0.017487920000000
3752	0.017569840000000
3753	0.017651760000000
3754	0.017733680000000
3755	0.017815600000000
3756	0.017897520000000
3757	0.017979440000000
3758	0.018061360000000
3759	0.018143280000000
3760	0.018225200000000
3761	0.018307120000000
3762	0.018389040000000
3763	0.018470960000000
3764	0.018552880000000
3765	0.018634800000000
3766	0.018716720000000
3767	0.018798640000000
3768	0.018880560000000
3769	0.018962480000000
3770	0.019044400000000
3771	0.019126320000000
3772	0.019208240000000
3773	0.019290160000000
3774	0.019372080000000
3775	0.019454000000000
3776	0.019535920000000
3777	0.019617840000000
3778	0.019699760000000
3779	0.019781680000000
3780	0.019863600000000
3781	0.019945520000000
3782	0.020027440000000
3783	0.020109360000000
3784	0.020191280000000
3785	0.020273200000000
3786	0.020355120000000
3787	0.020437040000000
3788	0.020518960000000
3789	0.020600880000000
3790	0.020682800000000
3791	0.020764720000000
3792	0.020846640000000
3793	0.020928560000000
3794	0.021010480000000
3795	0.021092400000000
3796	0.021174320000000
3797	0.021256240000000
3798	0.021338160000000
3799	0.021420080000000
3800	0.021502000000000
3801	0.021665840000000
3802	0.021829680000000
3803	0.021993520000000
3804	0.022157360000000
3805	0.022321200000000
3806	0.022485040000000
3807	0.022648880000000
3808	0.022812720000000
3809	0.022976560000000
3810	0.023140400000000
3811	0.023304240000000
3812	0.023468080000000
3813	0.023631920000000
3814	0.023795760000000
3815	0.023959600000000
3816	0.024123440000000
3817	0.024287280000000
3818	0.024451120000000
3819	0.024614960000000
3820	0.024778800000000
3821	0.024942640000000
3822	0.025106480000000
3823	0.025270320000000
3824	0.025434160000000
3825	0.025598000000000
3826	0.025761840000000
3827	0.025925680000000
3828	0.026089520000000
3829	0.026253360000000
3830	0.026417200000000
3831	0.026581040000000
3832	0.026744880000000
3833	0.026908720000000
3834	0.027072560000000
3835	0.027236400000000
3836	0.027400240000000
3837	0.027564080000000
3838	0.027727920000000
3839	0.027891760000000
3840	0.028055600000000
3841	0.028219440000000
3842	0.028383280000000
3843	0.028547120000000
3844	0.028710960000000
3845	0.028874800000000
3846	0.029038640000000
3847	0.029202480000000
3848	0.029366320000000
3849	0.029530160000000
3850	0.029694000000000
3851	0.029857840000000
3852	0.030021680000000
3853	0.030185520000000
3854	0.030349360000000
3855	0.030513200000000
3856	0.030677040000000
3857	0.030840880000000
3858	0.031004720000000
3859	0.031168560000000
3860	0.031332400000000
3861	0.031496240000000
3862	0.031660080000000
3863	0.031823920000000
3864	0.031987760000000
3865	0.032151600000000
3866	0.032315440000000
3867	0.032479280000000
3868	0.032643120000000
3869	0.032806960000000
3870	0.032970800000000
3871	0.033134640000000
3872	0.033298480000000
3873	0.033462320000000
3874	0.033626160000000
3875	0.033790000000000
3876	0.033953840000000
3877	0.034117680000000
3878	0.034281520000000
3879	0.034445360000000
3880	0.034609200000000
3881	0.034773040000000
3882	0.034936880000000
3883	0.035100720000000
3884	0.035264560000000
3885	0.035428400000000
3886	0.035592240000000
3887	0.035756080000000
3888	0.035919920000000
3889	0.036083760000000
3890	0.036247600000000
3891	0.036411440000000
3892	0.036575280000000
3893	0.036739120000000
3894	0.036902960000000
3895	0.037066800000000
3896	0.037230640000000
3897	0.037394480000000
3898	0.037558320000000
3899	0.037722160000000
3900	0.037886000000000
1	0.000000010000000
2	0.000000010000000
3	0.000000020000000
4	0.000000040000000
5	0.000000080000000
6	0.000000160000000
7	0.000000320000000
8	0.000000640000000
9	0.000001280000000
10	0.000002560000000
11	0.000005120000000
12	0.000010240000000
13	0.000010240000000
14	0.000010240000000
15	0.000005120000000
16	0.000002560000000
17	0.000001280000000
18	0.000000640000000
19	0.000000320000000
20	0.000000160000000
21	0.000000080000000
22	0.000000040000000
23	0.000000020000000
24	0.000000010000000
25	0.000000010000000
26	0.000000020000000
27	0.000000040000000
28	0.000000080000000
29	0.000000160000000
30	0.000000320000000
31	0.000000640000000
32	0.000001280000000
33	0.000002560000000
34	0.000005120000000
35	0.000010240000000
36	0.000020480000000
37	0.000040960000000
38	0.000081920000000
39	0.000163840000000
